1 1 1.0
2 1 0.25
2 2 0.666666666667
3 2 0.266666666667
4 2 0.105263157895
3 3 0.529411764706
4 3 0.259615384615
5 3 0.123664122137
6 3 0.055027173913
4 4 0.450704225352
5 4 0.24854368932
6 4 0.132711249352
7 4 0.0669499836548
8 4 0.031374471475
5 5 0.398342893563
6 5 0.237389851109
7 5 0.137033756347
8 5 0.0753241469209
9 5 0.0389154734498
10 5 0.0187288929871
6 6 0.360400444939
7 6 0.227076276136
8 6 0.13879105188
9 6 0.0812505224442
10 6 0.0450869733282
11 6 0.0235319118602
12 6 0.0114954461056
7 7 0.331330034555
8 7 0.217762517716
9 7 0.139083642868
10 7 0.0854709402751
11 7 0.050107834617
12 7 0.0278348272717
13 7 0.0145820938519
14 7 0.00718625626269
8 8 0.308164699963
9 8 0.209395787665
10 8 0.138512662142
11 8 0.0884807740021
12 8 0.0541922136587
13 8 0.0316347001307
14 8 0.0175226477948
15 8 0.0091844758222
16 8 0.00455044446394
9 9 0.289158097111
10 9 0.20186995527
11 9 0.137424457875
12 9 0.0906155505033
13 9 0.0575215002456
14 9 0.0349667664366
15 9 0.0202712401425
16 9 0.0111760207791
17 9 0.00585132238252
18 9 0.00290864179045
10 10 0.273207943855
11 10 0.19507485737
12 10 0.13602694437
13 10 0.0921070680345
14 10 0.060242044766
15 10 0.0378794289243
16 10 0.0228105909202
17 10 0.013118748259
18 10 0.00719381956929
19 10 0.00375917797784
20 10 0.00187254974117
11 11 0.259580327868
12 11 0.188911043317
13 11 0.134448920112
14 11 0.0931187251874
15 11 0.0624699436246
16 11 0.0404228717242
17 11 0.0251397547405
18 11 0.0149864283201
19 11 0.00854824556848
20 11 0.00466168582745
21 11 0.00243050518186
22 11 0.00121230607474
12 12 0.247765546543
13 12 0.183292974374
14 12 0.132772075176
15 12 0.0937679013005
16 12 0.0642969371215
17 12 0.0426441829148
18 12 0.0272666895786
19 12 0.0167639691591
20 12 0.00989254320626
21 12 0.00559750824004
22 12 0.00303619120745
23 12 0.00157930468939
24 12 0.000788407209494
13 13 0.237397294968
14 13 0.178148397628
15 13 0.131049092164
16 13 0.0941403765064
17 13 0.0657956704891
18 13 0.0445855586291
19 13 0.0292038390572
20 13 0.0184438637584
21 13 0.0112108584007
22 13 0.00655115408507
23 13 0.00367872631904
24 13 0.00198533990067
25 13 0.00103033119072
26 13 0.000514635350509
14 14 0.228204766138
15 14 0.173416616621
16 14 0.129314292464
17 14 0.0942998099964
18 14 0.0670239508349
19 14 0.046283936736
20 14 0.0309655482395
21 14 0.0200236553603
22 14 0.0124921868933
23 14 0.0075101220005
24 14 0.00434824862265
25 14 0.00242447699991
26 14 0.00130233014585
27 14 0.000674404001187
28 14 0.000336974743478
15 15 0.219982928724
16 15 0.169046624197
17 15 0.127590108871
18 15 0.094294096666
19 15 0.0680280631331
20 15 0.0477712609912
21 15 0.0325665825642
22 15 0.0215041707594
23 15 0.0137292236218
24 15 0.0084645530223
25 15 0.00503610344871
26 15 0.0028908854989
27 15 0.00160141798337
28 15 0.000856530827218
29 15 0.000442654039662
30 15 0.00022122909188
16 16 0.21257336385
17 16 0.164995417427
18 16 0.125891133196
19 16 0.0941597128922
20 16 0.0688453152005
21 16 0.0490749903098
22 16 0.0340213067446
23 16 0.0228883059197
24 16 0.0149174357795
25 16 0.00940683307065
26 16 0.00573487335484
27 16 0.00337906495993
28 16 0.00192439161853
29 16 0.00105969404045
30 16 0.000564571881446
31 16 0.000291227519942
32 16 0.000145571365583
17 17 0.205851500974
18 17 0.161226574183
19 17 0.124226709115
20 17 0.0939247412393
21 17 0.06950598288
22 17 0.0502186705347
23 17 0.0353432564359
24 17 0.0241801996454
25 17 0.0160543386452
26 17 0.0103312068818
27 17 0.00643831836365
28 17 0.0038839727534
29 17 0.00226800275316
30 17 0.00128229331536
31 17 0.000702292563362
32 17 0.000372831087786
33 17 0.00019199291884
34 17 9.59780323172e-05
18 18 0.199717874576
19 18 0.157709084363
20 18 0.122602627762
21 18 0.0936110107479
22 18 0.0700347986833
23 18 0.0512224859558
24 18 0.0365449417037
25 18 0.0253846765037
26 18 0.0171389403537
27 18 0.0112334311297
28 18 0.00714127047052
29 18 0.00440108337907
30 18 0.00262907923054
31 18 0.00152255920508
32 18 0.0008551375553
33 18 0.000466040138103
34 18 0.000246612200753
35 18 0.000126797861916
36 18 6.33908931282e-05
19 19 0.194091987377
20 19 0.154416401716
21 19 0.121022256384
22 19 0.0932356345537
23 19 0.0704520957362
24 19 0.0521037569204
25 19 0.037637785246
26 19 0.0265068752923
27 19 0.0181713213674
28 19 0.0121104761454
29 19 0.00783950969322
30 19 0.00492640222769
31 19 0.00300460591967
32 19 0.00177864065058
33 19 0.00102224761795
34 19 0.000570672653037
35 19 0.000309617035959
36 19 0.000163358412653
37 19 8.3873051075e-05
38 19 4.19330084881e-05
20 20 0.188907909896
21 20 0.151325677659
22 20 0.119487301066
23 20 0.0928121300065
24 20 0.0707746917777
25 20 0.0528773736034
26 20 0.0386321368391
27 20 0.0275520048375
28 20 0.0191523186785
29 20 0.0129602762985
30 20 0.0085296377372
31 20 0.00545645054206
32 20 0.00339177453877
33 20 0.00204867229805
34 20 0.00120263754158
35 20 0.000686395966772
36 20 0.000381069528064
37 20 0.000205905064537
38 20 0.000108348777037
39 20 5.5557455821e-05
40 20 2.77771846808e-05
21 21 0.184111064754
22 21 0.148417141958
23 21 0.11799832881
24 21 0.0923512451206
25 21 0.0710165766257
26 21 0.0535561670203
27 21 0.0395373287873
28 21 0.0285251868974
29 21 0.0200832902153
30 21 0.0137815247888
31 21 0.00920895814614
32 21 0.00598823339272
33 21 0.0037880104863
34 21 0.00233082434858
35 21 0.00139524254386
36 21 0.000812757490088
37 21 0.000460920175347
38 21 0.000254601693213
39 21 0.000137058324141
40 21 7.19457594089e-05
41 21 3.68476159846e-05
42 21 1.84231291439e-05
22 22 0.179655836724
23 22 0.145673600756
24 22 0.116555128737
25 22 0.0918615755268
26 22 0.0711894503736
27 22 0.0541512230191
28 22 0.040361751318
29 22 0.0294313584498
30 22 0.0209659400983
31 22 0.0145735069887
32 22 0.0098753673201
33 22 0.0065191987313
34 22 0.00419098320901
35 22 0.00262333793756
36 22 0.00159895635896
37 22 0.000949213057778
38 22 0.000549023261822
39 22 0.000309535487563
40 22 0.000170191837746
41 22 9.13069098315e-05
42 22 4.78230623833e-05
43 22 2.44664432521e-05
44 22 1.223292233e-05
23 23 0.175503769387
24 23 0.143080028077
25 23 0.115156964165
26 23 0.0913500300133
27 23 0.0713031475636
28 23 0.0546721465112
29 23 0.0411129354901
30 23 0.0302752142775
31 23 0.0218021897868
32 23 0.0153359662622
33 23 0.0105272580837
34 23 0.00704719285049
35 23 0.00459860518701
36 23 0.00292454891257
37 23 0.00181266161997
38 23 0.00109515215602
39 23 0.000645152423738
40 23 0.000370723470504
41 23 0.000207889755305
42 23 0.000113820727647
43 23 6.08739256082e-05
44 23 3.18185241949e-05
45 23 1.62622838133e-05
46 23 8.13100967787e-06
24 24 0.171622185656
25 24 0.140623231829
26 24 0.113802749697
27 24 0.0908221853088
28 24 0.0713659737178
29 24 0.0551272832435
30 24 0.0417976364512
31 24 0.0310611767066
32 24 0.0225940837035
33 24 0.0160689966206
34 24 0.0111634359297
35 24 0.00757041564467
36 24 0.0050090233742
37 24 0.00323290255824
38 24 0.00203525341869
39 24 0.00124991973885
40 24 0.000749015633886
41 24 0.000438120017191
42 24 0.000250244658344
43 24 0.000139636493928
44 24 7.61547263455e-05
45 24 4.06127611972e-05
46 24 2.11884061919e-05
47 24 1.0819382427e-05
48 24 5.40963268462e-06
25 25 0.167983119402
26 25 0.138291579314
27 25 0.112491176207
28 25 0.090282558939
29 25 0.0713849740608
30 25 0.0555239058081
31 25 0.0424219130872
32 25 0.0317933834499
33 25 0.0233437206899
34 25 0.0167729572775
35 25 0.011783047222
36 25 0.00808737772825
37 25 0.00542060592336
38 25 0.00354696142735
39 25 0.00226565702459
40 25 0.00141283464164
41 25 0.00086026911957
42 25 0.000511624817094
43 25 0.000297304180811
44 25 0.000168872623469
45 25 9.38022835119e-05
46 25 5.09747203635e-05
47 25 2.71128308903e-05
48 25 1.41208832316e-05
49 25 7.20443052809e-06
50 25 3.60218931232e-06
26 26 0.164562478587
27 26 0.136074770471
28 26 0.111220799276
29 26 0.0897348208524
30 26 0.0713661494374
31 26 0.055868369749
32 26 0.042991202049
33 26 0.0324756873244
34 26 0.0240532047731
35 26 0.0174484049178
36 26 0.0123855182367
37 26 0.00859686056596
38 26 0.00583192623582
39 26 0.00386540804927
40 26 0.00250284073131
41 26 0.00158320478361
42 26 0.000978529938479
43 26 0.000591090865019
44 26 0.000349074630868
45 26 0.000201617185057
46 26 0.000113934568213
47 26 6.30204532714e-05
48 26 3.41339277197e-05
49 26 1.81112618061e-05
50 26 9.41768557298e-06
51 26 4.80112782169e-06
52 26 2.40055238549e-06
27 27 0.16133938295
28 27 0.133963649571
29 27 0.109990101741
30 27 0.0891819588403
31 27 0.0713146308402
32 27 0.0561662447606
33 27 0.0435103853079
34 27 0.0331116635635
35 27 0.024724610341
36 27 0.0180960402128
37 27 0.0129705037758
38 27 0.0090978801726
39 27 0.00624174577208
40 27 0.00418704393239
41 27 0.00274582472526
42 27 0.00176033945407
43 27 0.00110338708882
44 27 0.000676332184668
45 27 0.000405525041164
46 27 0.000237929081439
47 27 0.000136650150761
48 27 7.68552075271e-05
49 27 4.23455333463e-05
50 27 2.28656197501e-05
51 27 1.21050513135e-05
52 27 6.28523902195e-06
53 27 3.20189409406e-06
54 27 1.60094192098e-06
28 28 0.158295634817
29 28 0.131950048033
30 28 0.108797537823
31 28 0.0886264087787
32 28 0.0712348212904
33 28 0.0564224251753
34 28 0.0439838510691
35 28 0.0337046217901
36 28 0.0253599580423
37 28 0.0187166657417
38 28 0.013537844086
39 28 0.0095896545571
40 28 0.00664899660934
41 28 0.0045107859716
42 28 0.00299368676746
43 28 0.00194355902304
44 28 0.00123441113649
45 28 0.000767131085327
46 28 0.000466591419504
47 28 0.000277839718672
48 28 0.000162028151369
49 28 9.25725157145e-05
50 28 5.18358102287e-05
51 28 2.84574010916e-05
52 28 1.53227799259e-05
53 28 8.09492950893e-06
54 28 4.19733687934e-06
55 28 2.13681707872e-06
56 28 1.06840625637e-06
29 29 0.155415292572
30 29 0.130026652569
31 29 0.107641564026
32 29 0.0880701578625
33 29 0.0711305118086
34 29 0.0566412232274
35 29 0.0444155482617
36 29 0.0342576206519
37 29 0.0259611986432
38 29 0.0193111530217
39 29 0.0140875288976
40 29 0.010071574849
41 29 0.0070527643999
42 29 0.00483566111659
43 29 0.00324556536856
44 29 0.00213220242693
45 29 0.00137116241264
46 29 0.000863244828671
47 29 0.000532181023685
48 29 0.000321355016102
49 29 0.000190128604626
50 29 0.000110253628315
51 29 6.26863282348e-05
52 29 3.49574916972e-05
53 29 1.91270155037e-05
54 29 1.02717192662e-05
55 29 5.41594180021e-06
56 29 2.80466895661e-06
57 29 1.4269328355e-06
58 29 7.13465399683e-07
30 30 0.152684324069
31 30 0.128186894024
32 30 0.106520660525
33 30 0.0875148269422
34 30 0.0710049767009
35 30 0.0568264479856
36 30 0.0448090350233
37 30 0.0347734837669
38 30 0.026530202767
39 30 0.0198804167937
40 30 0.0146196675118
41 30 0.0105431799068
42 30 0.00745227214462
43 30 0.00516079995007
44 30 0.00350066102743
45 30 0.0023256327663
46 30 0.00151319787893
47 30 0.000964411640901
48 30 0.000602176529508
49 30 0.000368457631324
50 30 0.000220993152181
51 30 0.000129967249999
52 30 7.49713619469e-05
53 30 4.24334386773e-05
54 30 2.35731323094e-05
55 30 1.28577690709e-05
56 30 6.88800200935e-06
57 30 3.62523924479e-06
58 30 1.87511694956e-06
59 30 9.5344750856e-07
60 30 4.76723299749e-07
31 31 0.150090322881
32 31 0.126424853247
33 31 0.105433345675
34 31 0.0869617365765
35 31 0.0708610522381
36 31 0.0569814723392
37 31 0.0451675216935
38 31 0.0352548160799
39 31 0.0270687549577
40 31 0.020425395078
41 31 0.015134463994
42 31 0.0110041341333
43 31 0.00784686502456
44 31 0.00548542965935
45 31 0.00375823600387
46 31 0.00252324132707
47 31 0.00166007678181
48 31 0.00107035604836
49 31 0.000676439998953
50 31 0.000419109297058
51 31 0.000254645985477
52 31 0.000151769536146
53 31 8.8757390097e-05
54 31 5.09487944551e-05
55 31 2.87151302371e-05
56 31 1.58954192279e-05
57 31 8.64473971219e-06
58 31 4.62042438656e-06
59 31 2.42766939303e-06
60 31 1.25429280806e-06
61 31 6.37426693099e-07
62 31 3.18713143393e-07
32 32 0.147622274377
33 32 0.124735181008
34 32 0.104378185551
35 32 0.0864119603059
36 32 0.0707012019284
37 32 0.0571092900069
38 32 0.0454939088556
39 32 0.0357040200379
40 32 0.0275785508965
41 32 0.0209470338128
42 32 0.0156321966578
43 32 0.011454208194
44 32 0.00823599641438
45 32 0.00580886675557
46 32 0.00401761300784
47 32 0.00272445030347
48 32 0.00181136522777
49 32 0.00118079354528
50 32 0.000754816586423
51 32 0.000473253187812
52 32 0.000291094969339
53 32 0.000175704306546
54 32 0.000104102779239
55 32 6.05625850057e-05
56 32 3.46050956578e-05
57 32 1.94267498591e-05
58 32 1.0717998603e-05
59 32 5.81308947997e-06
60 32 3.10029636702e-06
61 32 1.62637993716e-06
62 32 8.39420537833e-07
63 32 4.26371978772e-07
64 32 2.13185898489e-07
33 33 0.145270361593
34 33 0.123113029576
35 33 0.103353799891
36 33 0.0858663678351
37 33 0.0705275709119
38 33 0.0572125641927
39 33 0.0457908209566
40 33 0.0361233112131
41 33 0.0280611968962
42 33 0.0214462751265
43 33 0.0161132011384
44 33 0.0118932623257
45 33 0.00861921511909
46 33 0.00613050979403
47 33 0.00427817311152
48 33 0.00292871446669
49 33 0.00196663981232
50 33 0.00129543462283
51 33 0.000837137945528
52 33 0.00053081625285
53 33 0.000330332886841
54 33 0.000201803435203
55 33 0.000121057631276
56 33 7.13288978087e-05
57 33 4.12927323136e-05
58 33 2.34931707019e-05
59 33 1.31399393209e-05
60 33 7.22687166583e-06
61 33 3.9095908438e-06
62 33 2.08090312009e-06
63 33 1.08999460426e-06
64 33 5.62027855212e-07
65 33 2.85337058432e-07
66 33 1.42668488508e-07
34 34 0.143025803168
35 34 0.121553994025
36 34 0.102358865439
37 34 0.0853256602003
38 34 0.0703420314821
39 34 0.0572936692328
40 34 0.046060636004
41 34 0.0365147331467
42 34 0.0285182110156
43 34 0.0219240484875
44 34 0.0165778564659
45 34 0.0123212319375
46 34 0.00899615382124
47 34 0.00644983227255
48 34 0.00453935312676
49 34 0.00313552198927
50 34 0.00212549043072
51 34 0.00141398820209
52 34 0.000923225317811
53 34 0.00059171146804
54 34 0.000372338755358
55 34 0.000230087378319
56 34 0.000139663773394
57 34 8.32965821935e-05
58 34 4.88249639884e-05
59 34 2.81350462329e-05
60 34 1.59427443154e-05
61 34 8.8859781155e-06
62 34 4.87291244017e-06
63 34 2.62981294651e-06
64 34 1.39708445376e-06
65 34 7.3078161639e-07
66 34 3.76462981816e-07
67 34 1.91040844226e-07
68 34 9.55204038645e-08
35 35 0.140880717265
36 35 0.120054061686
37 35 0.101392117427
38 35 0.0847903985325
39 35 0.0701462213381
40 35 0.0573547263421
41 35 0.0463055117981
42 35 0.0368801712916
43 35 0.0289510253023
44 35 0.0223812641282
45 35 0.0170265736358
46 35 0.0127381152226
47 35 0.00936651869058
48 35 0.00676637582624
49 35 0.00480064263787
50 35 0.00334439460318
51 35 0.00228752238936
52 35 0.00153616452056
53 35 0.00101289229908
54 35 0.000655839972666
55 35 0.000417079172685
56 35 0.000260565806357
57 35 0.000159954868994
58 35 9.65090528172e-05
59 35 5.72456083077e-05
60 35 3.33913600041e-05
61 35 1.91583373286e-05
62 35 1.08149832303e-05
63 35 6.00825903764e-06
64 35 3.28574691959e-06
65 35 1.76924252803e-06
66 35 9.38233013996e-07
67 35 4.90121263881e-07
68 35 2.52268173944e-07
69 35 1.27962084937e-07
70 35 6.39810342814e-08
36 36 0.138828006688
37 36 0.118609568439
38 36 0.100452349724
39 36 0.0842610276786
40 36 0.069941575852
41 36 0.0573976343833
42 36 0.0465274091116
43 36 0.0372213659978
44 36 0.0293609887972
45 36 0.022818808264
46 36 0.0174597862569
47 36 0.0131439625269
48 36 0.0097300800871
49 36 0.00707974379396
50 36 0.00506158083614
51 36 0.00355488724108
52 36 0.00245235792638
53 36 0.00166167752572
54 36 0.00110594728939
55 36 0.000723093068419
56 36 0.000464509660268
57 36 0.000293238310247
58 36 0.000181956629016
59 36 0.000111004185859
60 36 6.65951191783e-05
61 36 3.92994203983e-05
62 36 2.28181215568e-05
63 36 1.30386290869e-05
64 36 7.33413323432e-06
65 36 4.06195169273e-06
66 36 2.21560101455e-06
67 36 1.19046954932e-06
68 36 6.30247834642e-07
69 36 3.28824749964e-07
70 36 1.69109815802e-07
71 36 8.57458075965e-08
72 36 4.28729001221e-08
37 37 0.136861261426
38 37 0.117217160796
39 37 0.0995384140585
40 37 0.0837378956723
41 37 0.0697293553882
42 37 0.0574240964241
43 37 0.0467281121869
44 37 0.0375399245338
45 37 0.0297493710289
46 37 0.0232375397235
47 37 0.0178779429266
48 37 0.0135388672434
49 37 0.0100866642773
50 37 0.00738959519925
51 37 0.00532175326764
52 37 0.00376658728456
53 37 0.00261963723842
54 37 0.00179024682906
55 37 0.00120219563989
56 37 0.0007933540667
57 37 0.00051457597779
58 37 0.000328095155946
59 37 0.00020568710438
60 37 0.000126814296969
61 37 7.6910394004e-05
62 37 4.58946085848e-05
63 37 2.6952739485e-05
64 37 1.55816325471e-05
65 37 8.86940648082e-06
66 37 4.97219892667e-06
67 37 2.74582754551e-06
68 37 1.49404912089e-06
69 37 8.01155578005e-07
70 37 4.23467609111e-07
71 37 2.20680209888e-07
72 37 1.13405082833e-07
73 37 5.74792820408e-08
74 37 2.87396393685e-08
38 38 0.134974675563
39 38 0.115873762893
40 38 0.0986492185845
41 38 0.0832212698391
42 38 0.0695106685151
43 38 0.0574356427193
44 38 0.0469092468773
45 38 0.037837332163
46 38 0.0301173657959
47 38 0.0236382876865
48 38 0.0182815010376
49 38 0.0139229580289
50 38 0.0104361460782
51 38 0.00769563916531
52 38 0.00558078857796
53 38 0.00397911352121
54 38 0.00278901909873
55 38 0.00192159927296
56 38 0.00130144151472
57 38 0.000866499977439
58 38 0.000567215389648
59 38 0.000365118065628
60 38 0.000231157041952
61 38 0.000143966189959
62 38 8.82246408673e-05
63 38 5.32101682974e-05
64 38 3.15918564186e-05
65 38 1.84685018366e-05
66 38 1.06331834663e-05
67 38 6.03069664645e-06
68 38 3.37007486088e-06
69 38 1.85597700194e-06
70 38 1.00752850253e-06
71 38 5.39240063688e-07
72 38 2.84598769035e-07
73 38 1.48147262267e-07
74 38 7.60756098936e-08
75 38 3.85449727471e-08
76 38 1.92724856307e-08
39 39 0.133162976139
40 39 0.114576547654
41 39 0.0977837260239
42 39 0.0827113501617
43 39 0.0692864917928
44 39 0.0574336506518
45 39 0.0470722967197
46 39 0.0381149623163
47 39 0.0304660950898
48 39 0.0240218502855
49 39 0.0186709217723
50 39 0.0142963921627
51 39 0.0107784423446
52 39 0.00799762976711
53 39 0.00583835531494
54 39 0.00419211489341
55 39 0.00296018114133
56 39 0.00205547015942
57 39 0.00140348948884
58 39 0.000942403038016
59 39 0.000622357869115
60 39 0.000404281007458
61 39 0.000258370288273
62 39 0.000162481265518
63 39 0.000100567300256
64 39 6.12770361276e-05
65 39 3.67639688895e-05
66 39 2.17233647976e-05
67 39 1.26446690034e-05
68 39 7.25199787637e-06
69 39 4.09892559602e-06
70 39 2.28367775716e-06
71 39 1.25441167799e-06
72 39 6.79472139909e-07
73 39 3.63005417135e-07
74 39 1.91313596339e-07
75 39 9.9483051064e-08
76 39 5.10505079673e-08
77 39 2.58567494687e-08
78 39 1.29283744e-08
40 40 0.13142136197
41 40 0.113322911523
42 40 0.0969409515295
43 40 0.0822082804038
44 40 0.0690576866952
45 40 0.057419362079
46 40 0.0472186171914
47 40 0.0383740859114
48 40 0.0307966130512
49 40 0.0243889938795
50 40 0.0190466660811
51 40 0.0146593498899
52 40 0.0111135062161
53 40 0.00829536131171
54 40 0.00609415883334
55 40 0.00440526910552
56 40 0.00313281987505
57 40 0.0021916041866
58 40 0.00150814590429
59 40 0.00102093208498
60 40 0.000679927230461
61 40 0.00044555097937
62 40 0.000287324227164
63 40 0.000182375679788
64 40 0.000113964015603
65 40 7.01237103297e-05
66 40 4.24962383877e-05
67 40 2.53698104682e-05
68 40 1.49230393278e-05
69 40 8.65090819362e-06
70 40 4.94333334632e-06
71 40 2.78496276614e-06
72 40 1.54719722786e-06
73 40 8.47777991255e-07
74 40 4.58257985151e-07
75 40 2.44404146747e-07
76 40 1.28633730007e-07
77 40 6.68227082911e-08
78 40 3.4268053244e-08
79 40 1.73509124404e-08
80 40 8.67545606966e-09
41 41 0.12974545083
42 41 0.112110452258
43 41 0.096119960388
44 41 0.0817121573933
45 41 0.0688250141269
46 41 0.0573938984583
47 41 0.0473494483722
48 41 0.0386158798741
49 41 0.0311099098824
50 41 0.0247404528451
51 41 0.0194091914734
52 41 0.0150120296122
53 41 0.011441322046
54 41 0.00858866403047
55 41 0.00634793833128
56 41 0.00461828114294
57 41 0.0033066504823
58 41 0.00232975613445
59 41 0.00161522000776
60 41 0.00110195377419
61 41 0.000739842182895
62 41 0.000488888775247
63 41 0.000318010239238
64 41 0.000203660543374
65 41 0.000128436646805
66 41 7.9776155621e-05
67 41 4.88143502633e-05
68 41 2.94307451337e-05
69 41 1.74873194001e-05
70 41 1.02423936795e-05
71 41 5.91456112298e-06
72 41 3.3679940526e-06
73 41 1.89160672711e-06
74 41 1.04805039333e-06
75 41 5.7293361456e-07
76 41 3.09082430771e-07
77 41 1.64576308374e-07
78 41 8.65080452927e-08
79 41 4.48965765845e-08
80 41 2.30094944665e-08
81 41 1.16467808817e-08
82 41 5.82339037304e-09
42 42 0.128131233674
43 42 0.11093694936
44 42 0.0953198656448
45 42 0.0812230387904
46 42 0.0685891469119
47 42 0.0573582740686
48 42 0.0474659262058
49 42 0.0388414349213
50 42 0.0314069156631
51 42 0.0250769297632
52 42 0.0197589494819
53 42 0.0153546438072
54 42 0.0117619009395
55 42 0.00887740016159
56 42 0.00659946403808
57 42 0.00483088174508
58 42 0.00348140644909
59 42 0.00246969133729
60 42 0.00172452489192
61 42 0.00118533365704
62 42 0.000802017303117
63 42 0.000534249724554
64 42 0.000350414173063
65 42 0.000226342152174
66 42 0.000144003320998
67 42 9.02577411216e-05
68 42 5.5742397157e-05
69 42 3.39282635484e-05
70 42 2.03562674763e-05
71 42 1.20414905704e-05
72 42 7.02411825187e-06
73 42 4.04124512859e-06
74 42 2.29367039829e-06
75 42 1.28445247693e-06
76 42 7.0982808867e-07
77 42 3.87178682626e-07
78 42 2.08480748387e-07
79 42 1.10837843124e-07
80 42 5.81898611902e-08
81 42 3.01725188614e-08
82 42 1.54542165115e-08
83 42 7.82020582473e-09
84 42 3.91010288179e-09
43 43 0.126575034823
44 43 0.10980034677
45 43 0.0945398257115
46 43 0.0807409496012
47 43 0.0683506805675
48 43 0.0573134075937
49 43 0.047569092528
50 43 0.0390517626626
51 43 0.0316885040318
52 43 0.0253990959041
53 43 0.0200963836816
54 43 0.0156874155723
55 43 0.0120752768343
56 43 0.00916146039868
57 43 0.00684853456466
58 43 0.00504282586518
59 43 0.00365683906522
60 43 0.00261118597652
61 43 0.00183587826224
62 43 0.00127093712185
63 43 0.000866363925599
64 43 0.000581584398769
65 43 0.000384516819433
66 43 0.000250422242309
67 43 0.000160678515053
68 43 0.000101589208374
69 43 6.33027859331e-05
70 43 3.8883535637e-05
71 43 2.35482679149e-05
72 43 1.40632177292e-05
73 43 8.28369668753e-06
74 43 4.8134595533e-06
75 43 2.75970352684e-06
76 43 1.56140689695e-06
77 43 8.71953139422e-07
78 43 4.80691696182e-07
79 43 2.61642189874e-07
80 43 1.40632640262e-07
81 43 7.46568232201e-08
82 43 3.91493068146e-08
83 43 2.02821702063e-08
84 43 1.03825392998e-08
85 43 5.25234335595e-09
86 43 2.62617166418e-09
44 44 0.125073477216
45 44 0.108698737538
46 44 0.0937790419985
47 44 0.0802658876516
48 44 0.0681101426248
49 44 0.057260132294
50 44 0.04765990401
51 44 0.039247802078
52 44 0.0319554957104
53 44 0.0257075919347
54 44 0.0204219281658
55 44 0.0160105757057
56 44 0.0123815030623
57 44 0.00944076067944
58 44 0.00709497442196
59 44 0.00525389114226
60 44 0.00383271682734
61 44 0.00275402722307
62 44 0.00194910304964
63 44 0.0013586302101
64 44 0.000932790951478
65 44 0.000630839279828
66 44 0.00042029438168
67 44 0.000275898262315
68 44 0.000178473164592
69 44 0.000113788666299
70 44 7.15161668015e-05
71 44 4.43167086567e-05
72 44 2.70812329169e-05
73 44 1.63224928756e-05
74 44 9.70510762257e-06
75 44 5.6936078815e-06
76 44 3.29628053208e-06
77 44 1.88358266666e-06
78 44 1.0625318106e-06
79 44 5.91789240398e-07
80 44 3.25483889601e-07
81 44 1.76806005939e-07
82 44 9.48714986082e-08
83 44 5.0293319792e-08
84 44 2.63441185661e-08
85 44 1.36369551338e-08
86 44 6.97704671749e-09
87 44 3.52862130377e-09
88 44 1.76431064566e-09
45 45 0.123623451975
46 45 0.107630350199
47 45 0.0930367566026
48 45 0.0797978281957
49 45 0.0678680007108
50 45 0.0571992049571
51 45 0.0477392401453
52 45 0.0394304254235
53 45 0.0322086618561
54 45 0.0260030287854
55 45 0.0207360063986
56 45 0.0163243602461
57 45 0.0126806493379
58 45 0.00971523928848
59 45 0.00733863170778
60 45 0.00546387640421
61 45 0.00400882477183
62 45 0.00289801325545
63 45 0.002064027888
64 45 0.00144828031778
65 45 0.00100120557829
66 45 0.000681957387474
67 45 0.000457718936329
68 45 0.000302763656618
69 45 0.000197394794694
70 45 0.000126871609936
71 45 8.04013831096e-05
72 45 5.02468245293e-05
73 45 3.09725136449e-05
74 45 1.8834053338e-05
75 45 1.13002191738e-05
76 45 6.69084363967e-06
77 45 3.91020713333e-06
78 45 2.25587990981e-06
79 45 1.28499198655e-06
80 45 7.22807063631e-07
81 45 4.01559189545e-07
82 45 2.2036775943e-07
83 45 1.19476469748e-07
84 45 6.40052440036e-08
85 45 3.38851270095e-08
86 45 1.77305891135e-08
87 45 9.17099420644e-09
88 45 4.68971290346e-09
89 45 2.37120314232e-09
90 45 1.18560156835e-09
46 46 0.122222091686
47 46 0.106593536642
48 46 0.0923122500711
49 46 0.0793367278019
50 46 0.067624669575
51 46 0.0571313137913
52 46 0.0478079103927
53 46 0.0396004436168
54 46 0.0324487272358
55 46 0.0262859886311
56 46 0.0210390303765
57 46 0.0166290084066
58 46 0.012972799123
59 46 0.00998485424851
60 46 0.0075793759596
61 46 0.00567260021622
62 46 0.0041849637599
63 46 0.00304295317593
64 46 0.00218048747391
65 46 0.00153975679191
66 46 0.00107151395378
67 46 0.000734878863666
68 46 0.000496758879585
69 46 0.00033100815515
70 46 0.000217447667861
71 46 0.000140850959916
72 46 8.99754401523e-05
73 46 5.66917518334e-05
74 46 3.52388209568e-05
75 46 2.16123819253e-05
76 46 1.30808958244e-05
77 46 7.81445892173e-06
78 46 4.60849104354e-06
79 46 2.68341279811e-06
80 46 1.54295821852e-06
81 46 8.76246525172e-07
82 46 4.91552498034e-07
83 46 2.72426551745e-07
84 46 1.49185928171e-07
85 46 8.07359020242e-08
86 46 4.31843162008e-08
87 46 2.28330857409e-08
88 46 1.19354763647e-08
89 46 6.16889782275e-09
90 46 3.15299220107e-09
91 46 1.59382022848e-09
92 46 7.96910112971e-10
47 47 0.120866746844
48 47 0.105586761273
49 47 0.0916048392539
50 47 0.0788825276347
51 47 0.0673805172112
52 47 0.0570570854007
53 47 0.0478666605736
54 47 0.0397586111472
55 47 0.0326763732184
56 47 0.0265570259455
57 47 0.0213314000423
58 47 0.0169247608452
59 47 0.0132580473252
60 47 0.0102495809751
61 47 0.00781709616822
62 47 0.00587989948457
63 47 0.00436094973288
64 47 0.00318866684426
65 47 0.00229832282468
66 47 0.00163293143217
67 47 0.0011436217577
68 47 0.000789541513321
69 47 0.000537379356198
70 47 0.000360618064744
71 47 0.000238632945254
72 47 0.0001557371197
73 47 0.000100253491274
74 47 6.36681317759e-05
75 47 3.98961557992e-05
76 47 2.46716383618e-05
77 47 1.50589401986e-05
78 47 9.07384014391e-06
79 47 5.39831160853e-06
80 47 3.17149094931e-06
81 47 1.84024199848e-06
82 47 1.05477091175e-06
83 47 5.9727928389e-07
84 47 3.34191780666e-07
85 47 1.84788334614e-07
86 47 1.00988954906e-07
87 47 5.45572459914e-08
88 47 2.91385275193e-08
89 47 1.53877612753e-08
90 47 8.03583076457e-09
91 47 4.1503740978e-09
92 47 2.12029980203e-09
93 47 1.07154936005e-09
94 47 5.35774679449e-10
48 48 0.119554965055
49 48 0.104608591328
50 48 0.0909138752529
51 48 0.0784351562292
52 48 0.067135870205
53 48 0.0569770909607
54 48 0.0479161786091
55 48 0.0399056305558
56 48 0.0328922405896
57 48 0.0268166686021
58 48 0.0216135029052
59 48 0.0172118582227
60 48 0.0135364982888
61 48 0.0105094101718
62 48 0.00805169894555
63 48 0.0060856281225
64 48 0.00453661295251
65 48 0.00333498464578
66 48 0.00241738144873
67 48 0.00172767890732
68 48 0.00121743471594
69 48 0.000845881301481
70 48 0.000579542668138
71 48 0.000391576558629
72 48 0.00026094885763
73 48 0.000171538047839
74 48 0.000111248839514
75 48 7.11913373352e-05
76 48 4.49597491512e-05
77 48 2.802559659e-05
78 48 1.72460376479e-05
79 48 1.04784244419e-05
80 48 6.28698878739e-06
81 48 3.72559956232e-06
82 48 2.18083064328e-06
83 48 1.26120051312e-06
84 48 7.2068509857e-07
85 48 4.06974821186e-07
86 48 2.27148644962e-07
87 48 1.25323361857e-07
88 48 6.83581888096e-08
89 48 3.68673352648e-08
90 48 1.9662578083e-08
91 48 1.03714695541e-08
92 48 5.41120145038e-09
93 48 2.79287815282e-09
94 48 1.42615054214e-09
95 48 7.20581325527e-10
96 48 3.60290662504e-10
49 49 0.118284472607
50 49 0.103657688177
51 49 0.0902387414728
52 49 0.0779945318391
53 49 0.0668910184123
54 49 0.056891851697
55 49 0.0479570996731
56 49 0.0400421565225
57 49 0.0330969321907
58 49 0.0270654189963
59 49 0.0218857138295
60 49 0.0174905400074
61 49 0.0138082640441
62 49 0.0107643459425
63 49 0.0082831068389
64 49 0.00628965578271
65 49 0.00471179723806
66 49 0.00348174720805
67 49 0.00253751744147
68 49 0.00182387709524
69 49 0.00129285905162
70 49 0.000903832807707
71 49 0.000623208661279
72 49 0.000423863961012
73 49 0.000284390882839
74 49 0.000188259342639
75 49 0.00012297295305
76 49 7.92754446784e-05
77 49 5.04440112785e-05
78 49 3.16875881233e-05
79 49 1.96537040322e-05
80 49 1.20376571352e-05
81 49 7.28195184388e-06
82 49 4.35137856165e-06
83 49 2.56887496066e-06
84 49 1.49850654424e-06
85 49 8.63843654557e-07
86 49 4.92189564049e-07
87 49 2.77210077795e-07
88 49 1.5435556871e-07
89 49 8.49822662849e-08
90 49 4.62681188231e-08
91 49 2.49136012905e-08
92 49 1.32692003568e-08
93 49 6.99129901993e-09
94 49 3.64440052747e-09
95 49 1.87974342311e-09
96 49 9.59452370406e-10
97 49 4.84671815513e-10
98 49 2.42335907639e-10
50 50 0.117053158099
51 50 0.102732799513
52 50 0.0895788517737
53 50 0.0775605644257
54 50 0.0666462190638
55 50 0.0568018437541
56 50 0.0479900108266
57 50 0.0401687995975
58 50 0.0332910153895
59 50 0.0273037551727
60 50 0.0221483949572
61 50 0.01776104349
62 50 0.0140734627848
63 50 0.0110144041023
64 50 0.00851125678331
65 50 0.00649186665842
66 50 0.0048863592094
67 50 0.00362880507832
68 50 0.00265859151777
69 50 0.00192140735529
70 50 0.00136980187781
71 50 0.000963329638974
72 50 0.000668335088954
73 50 0.000457458024308
74 50 0.00030895192713
75 50 0.000205904336878
76 50 0.00013543549277
77 50 8.79332158967e-05
78 50 5.63624899526e-05
79 50 3.56704515199e-05
80 50 2.22932369901e-05
81 50 1.37609506252e-05
82 50 8.39070808781e-06
83 50 5.05460101471e-06
84 50 3.00867587253e-06
85 50 1.76980401201e-06
86 50 1.02895399989e-06
87 50 5.91352265026e-07
88 50 3.35995406437e-07
89 50 1.88761400868e-07
90 50 1.04867425131e-07
91 50 5.76194583155e-08
92 50 3.13149211932e-08
93 50 1.68359786089e-08
94 50 8.95530761994e-09
95 50 4.71331975776e-09
96 50 2.45485402893e-09
97 50 1.2653886716e-09
98 50 6.45606464284e-10
99 50 3.2606387064e-10
100 50 1.63031935267e-10
51 51 0.115859057868
52 51 0.101832752319
53 51 0.0889336487253
54 51 0.0771331573426
55 51 0.0664017003698
56 51 0.0567075025307
57 51 0.0480154551913
58 51 0.0402861296102
59 51 0.03347502439
60 51 0.0275321319432
61 51 0.0224018957409
62 51 0.0180236029766
63 51 0.0143322175442
64 51 0.011259610666
65 51 0.00873609868342
66 51 0.00669215835413
67 51 0.00506016754348
68 51 0.003776018372
69 51 0.0027804709915
70 51 0.00202015474072
71 51 0.00144817153668
72 51 0.00102430480276
73 51 0.000714877951746
74 51 0.000492334197071
75 51 0.000334622507904
76 51 0.000224474200395
77 51 0.000148644350323
78 51 9.71760920726e-05
79 51 6.27278372109e-05
80 51 3.9986487956e-05
81 51 2.51756709153e-05
82 51 1.56576450361e-05
83 51 9.62081197328e-06
84 51 5.84115107287e-06
85 51 3.50467017242e-06
86 51 2.07834363229e-06
87 51 1.21833683853e-06
88 51 7.06080716632e-07
89 51 4.04607765418e-07
90 51 2.29277640969e-07
91 51 1.28496230862e-07
92 51 7.12315970858e-08
93 51 3.9062485942e-08
94 51 2.11934755875e-08
95 51 1.13775498111e-08
96 51 6.04432326837e-09
97 51 3.17794314251e-09
98 51 1.6538275485e-09
99 51 8.51971766e-10
100 51 4.3450560029e-10
101 51 2.19403817873e-10
102 51 1.09701908912e-10
52 52 0.114700342981
53 52 0.100956446523
54 52 0.0883026019616
55 52 0.076712208764
56 52 0.0661576646954
57 52 0.0566092265462
58 52 0.0480339357134
59 52 0.0403946787842
60 52 0.0336494623886
61 52 0.0277509819854
62 52 0.0226465530629
63 52 0.0182784491361
64 52 0.0145846550476
65 52 0.0115000004978
66 52 0.00895759411599
67 52 0.00689044082529
68 52 0.00523310224972
69 52 0.00392325640079
70 52 0.00290302971069
71 52 0.00212000815834
72 52 0.00152787788966
73 52 0.00108669104224
74 52 0.000762791813353
75 52 0.000528465881144
76 52 0.000361390935898
77 52 0.000243968048609
78 52 0.000162605695145
79 52 0.000107014195687
80 52 6.95517841682e-05
81 52 4.46474228001e-05
82 52 2.83117357784e-05
83 52 1.77369708534e-05
84 52 1.09798348269e-05
85 52 6.71700167193e-06
86 52 4.06141559086e-06
87 52 2.42750290786e-06
88 52 1.43443005438e-06
89 52 8.3809276217e-07
90 52 4.84230967868e-07
91 52 2.76703276222e-07
92 52 1.56397460676e-07
93 52 8.74480288517e-08
94 52 4.83755010919e-08
95 52 2.64792203693e-08
96 52 1.43429106536e-08
97 52 7.68898292052e-09
98 52 4.07986845707e-09
99 52 2.14296120103e-09
100 52 1.11433982215e-09
101 52 5.73719511753e-10
102 52 2.92484456805e-10
103 52 1.47662055819e-10
104 52 7.38310278988e-11
53 53 0.113575307595
54 53 0.100102849262
55 53 0.0876852066303
56 53 0.0762976128945
57 53 0.0659142913594
58 53 0.0565073808947
59 53 0.0480459185627
60 53 0.0404949445872
61 53 0.0338148035849
62 53 0.027960716914
63 53 0.0228826914229
64 53 0.0185258084759
65 53 0.0148309047185
66 53 0.011735616106
67 53 0.00917571514476
68 53 0.00708663538578
69 53 0.00540505396845
70 53 0.00407039728767
71 53 0.0030261479565
72 53 0.00222086048224
73 53 0.00160883256294
74 53 0.00115042113577
75 53 0.000812030092694
76 53 0.000565824676924
77 53 0.000389243495087
78 53 0.000264383055226
79 53 0.000177324029
80 53 0.000117456341381
81 53 7.68451233514e-05
82 53 4.96643730183e-05
83 53 3.17118198713e-05
84 53 2.00080137616e-05
85 53 1.24753354447e-05
86 53 7.68819221009e-06
87 53 4.68357533815e-06
88 53 2.82077648098e-06
89 53 1.67978350319e-06
90 53 9.89204179117e-07
91 53 5.76129336609e-07
92 53 3.31900404872e-07
93 53 1.89147479784e-07
94 53 1.0664696311e-07
95 53 5.94977730741e-08
96 53 3.28477269303e-08
97 53 1.79477264961e-08
98 53 9.70642333898e-09
99 53 5.19636799972e-09
100 53 2.75407502554e-09
101 53 1.44520768269e-09
102 53 7.50941245803e-10
103 53 3.86406660172e-10
104 53 1.96918778665e-10
105 53 9.93970977829e-11
106 53 4.96985488865e-11
54 54 0.112482358529
55 54 0.0992709896842
56 54 0.087080981936
57 54 0.0758892609946
58 54 0.0656717391079
59 54 0.0564023003359
60 54 0.048051836205
61 54 0.0405873923381
62 54 0.0339714950575
63 54 0.0281617283206
64 54 0.0231106231792
65 54 0.0187659029299
66 54 0.0150710978203
67 54 0.0119665065686
68 54 0.00939044323905
69 54 0.00728067378103
70 54 0.0055759232954
71 54 0.00421732757467
72 54 0.00314971231241
73 54 0.00232260862732
74 54 0.00169094915279
75 54 0.00121542816279
76 54 0.000862545332722
77 54 0.00060438061597
78 54 0.000418164618927
79 54 0.000285714567594
80 54 0.000192802246716
81 54 0.000128510054117
82 54 8.46176979981e-05
83 54 5.50478201958e-05
84 54 3.53859364929e-05
85 54 2.24796818368e-05
86 54 1.41148317634e-05
87 54 8.76080640273e-06
88 54 5.37590228625e-06
89 54 3.2617658747e-06
90 54 1.95705314137e-06
91 54 1.16132596496e-06
92 54 6.81647057384e-07
93 54 3.95794795786e-07
94 54 2.27371388438e-07
95 54 1.29242654568e-07
96 54 7.26989837986e-08
97 54 4.04715962859e-08
98 54 2.23006746019e-08
99 54 1.21640040571e-08
100 54 6.56856211091e-09
101 54 3.51190447187e-09
102 54 1.8592435374e-09
103 54 9.74749037214e-10
104 54 5.06119691906e-10
105 54 2.60290127134e-10
106 54 1.3260063077e-10
107 54 6.69199444918e-11
108 54 3.34599722437e-11
55 55 0.111420005888
56 55 0.0984599542438
57 55 0.086489469771
58 55 0.0754870422483
59 55 0.0654301483029
60 55 0.0562942920659
61 55 0.0480520901847
62 55 0.0406724575957
63 55 0.03411995851
64 55 0.0283543887759
65 55 0.0233306488307
66 55 0.0189989495391
67 55 0.0153053667168
68 55 0.0121927265753
69 55 0.00960176828841
70 55 0.00747249732447
71 55 0.00574562013436
72 55 0.00436394182838
73 55 0.00327361550989
74 55 0.0024251535883
75 55 0.00177414339454
76 55 0.00128164573851
77 55 0.000914289446622
78 55 0.000644102380455
79 55 0.000448137061764
80 55 0.000307956223366
81 55 0.000209041701901
82 55 0.000140181593817
83 55 9.28783977481e-05
84 55 6.08075889093e-05
85 55 3.93436945461e-05
86 55 2.51606752028e-05
87 55 1.59057737788e-05
88 55 9.94095049322e-06
89 55 6.14322294319e-06
90 55 3.75416873592e-06
91 55 2.26899456396e-06
92 55 1.3564610637e-06
93 55 8.02207067786e-07
94 55 4.69376099296e-07
95 55 2.71743929937e-07
96 55 1.55686584219e-07
97 55 8.82758845254e-08
98 55 4.95425838806e-08
99 55 2.75236563479e-08
100 55 1.51380105747e-08
101 55 8.24347098023e-09
102 55 4.44500882525e-09
103 55 2.37354839128e-09
104 55 1.25524193472e-09
105 55 6.57507679264e-10
106 55 3.41159644677e-10
107 55 1.7536243412e-10
108 55 8.93049432862e-11
109 55 4.50621273422e-11
110 55 2.25310636701e-11
56 56 0.110386854623
57 56 0.097668882414
58 56 0.08591023343
59 56 0.0750908444967
60 56 0.065189642862
61 56 0.0561836382035
62 56 0.0480470536469
63 56 0.040750548348
64 56 0.0342605918979
65 56 0.0285390527942
66 56 0.0235430573299
67 56 0.0192251602118
68 56 0.0155338442361
69 56 0.0124143355756
70 56 0.00980968770545
71 56 0.00766205609444
72 56 0.00591406307928
73 56 0.00451014224713
74 56 0.00339775625541
75 56 0.00252840044893
76 56 0.00185833329899
77 56 0.00134900821965
78 56 0.000967213942239
79 56 0.000684957509235
80 56 0.00047914206451
81 56 0.000331100067296
82 56 0.000226042276516
83 56 0.000152475985606
84 56 0.00010163516015
85 56 6.69528301606e-05
86 56 4.35942729725e-05
87 56 2.80594582219e-05
88 56 1.78555178523e-05
89 56 1.12347319793e-05
90 56 6.9904213627e-06
91 56 4.3017676905e-06
92 56 2.61845602588e-06
93 56 1.57670057523e-06
94 56 9.3930949998e-07
95 56 5.53697711474e-07
96 56 3.22990152854e-07
97 56 1.86468481626e-07
98 56 1.06553398203e-07
99 56 6.02726228645e-08
100 56 3.37526667698e-08
101 56 1.87143492605e-08
102 56 1.02745444997e-08
103 56 5.58616005897e-09
104 56 3.00793232264e-09
105 56 1.60423056725e-09
106 56 8.4751803417e-10
107 56 4.43560839937e-10
108 56 2.29994509495e-10
109 56 1.18162316778e-10
110 56 6.01553612615e-11
111 56 3.03486507247e-11
112 56 1.51743253619e-11
57 57 0.109381596922
58 57 0.0968969627925
59 57 0.0853428564044
60 57 0.0747005548576
61 57 0.0649503319806
62 57 0.0560705980261
63 57 0.0480370736256
64 57 0.0408220470196
65 57 0.034393770944
66 57 0.0287160577569
67 57 0.0237481264174
68 57 0.0194447415517
69 57 0.0157566631266
70 57 0.0126313970211
71 57 0.01001420561
72 57 0.00784930818853
73 57 0.00608117882647
74 57 0.0046558382731
75 57 0.00352203904338
76 57 0.0026322583658
77 57 0.00194343925991
78 57 0.00141745088332
79 57 0.0010212701257
80 57 0.000726912590446
81 57 0.000511159513879
82 57 0.000355136667186
83 57 0.000243802453311
84 57 0.000165397054824
85 57 0.000110894977415
86 57 7.34920095547e-05
87 57 4.81463989188e-05
88 57 3.11842342548e-05
89 57 1.99713025194e-05
90 57 1.26482389938e-05
91 57 7.92242312111e-06
92 57 4.90841891673e-06
93 57 3.00837102133e-06
94 57 1.82421949309e-06
95 57 1.09452969919e-06
96 57 6.49876297585e-07
97 57 3.81885823598e-07
98 57 2.22117179923e-07
99 57 1.27885620641e-07
100 57 7.2894794443e-08
101 57 4.113864337e-08
102 57 2.29892409375e-08
103 57 1.2722201003e-08
104 57 6.97274469181e-09
105 57 3.78520423487e-09
106 57 2.03544000539e-09
107 57 1.08429981375e-09
108 57 5.72269345524e-10
109 57 2.99260116295e-10
110 57 1.55071151125e-10
111 57 7.96311316463e-11
112 57 4.05265580668e-11
113 57 2.0442600086e-11
114 57 1.02213000428e-11
58 58 0.108403005328
59 58 0.0961434295488
60 58 0.084786941251
61 58 0.0743160602471
62 58 0.0647123116628
63 58 0.0559554099818
64 58 0.048022473124
65 58 0.0408873123154
66 58 0.0345198505485
67 58 0.0288857247958
68 58 0.0239461229724
69 58 0.0196578947424
70 58 0.0159739555918
71 58 0.0128439776922
72 58 0.0102153320879
73 58 0.00803421903243
74 58 0.00624690161712
75 58 0.00480094621192
76 58 0.00364637395859
77 58 0.00273664053067
78 58 0.00202938413562
79 58 0.00148691008151
80 58 0.00107640928528
81 58 0.000769933440766
82 58 0.000544168094646
83 58 0.000380055228112
84 58 0.000262319390222
85 58 0.000178947466055
86 58 0.000120663907862
87 58 8.04328998935e-05
88 58 5.3008329498e-05
89 58 3.45429229922e-05
90 58 2.22602258839e-05
91 58 1.41875204603e-05
92 58 8.94417948139e-06
93 58 5.57804053826e-06
94 58 3.4417504956e-06
95 58 2.10127201789e-06
96 58 1.26951584321e-06
97 58 7.59090983808e-07
98 58 4.49257588165e-07
99 58 2.63201297044e-07
100 58 1.52656712106e-07
101 58 8.76642371337e-08
102 58 4.98482873336e-08
103 58 2.80699079731e-08
104 58 1.56543713148e-08
105 58 8.64717640042e-09
106 58 4.73147383856e-09
107 58 2.56472412466e-09
108 58 1.37735184119e-09
109 58 7.32902813569e-10
110 58 3.86439665053e-10
111 58 2.01923428508e-10
112 58 1.04567489742e-10
113 58 5.36718088885e-11
114 58 2.73067097839e-11
115 58 1.37720797167e-11
116 58 6.88603985827e-12
59 59 0.107449926512
60 59 0.0954075591809
61 59 0.0842421085312
62 59 0.0739372478181
63 59 0.0644756660837
64 59 0.0558382935042
65 59 0.0480035530064
66 59 0.0409466809138
67 59 0.0346391661023
68 59 0.0290483596344
69 59 0.0241373033721
70 59 0.0198648154788
71 59 0.0161858528956
72 59 0.013052147101
73 59 0.0104130825174
74 59 0.00821676074001
75 59 0.00641117270992
76 59 0.00494538886164
77 59 0.00377067647152
78 59 0.00284146411478
79 59 0.00211609330784
80 59 0.00155732337297
81 59 0.00113258285663
82 59 0.000813985271566
83 59 0.000578145434546
84 59 0.000405843704246
85 59 0.000281588995944
86 59 0.000193128765445
87 59 0.000130947091514
88 59 8.77825778462e-05
89 59 5.8187836986e-05
90 59 3.81431403351e-05
91 59 2.47292246593e-05
92 59 1.58585671223e-05
93 59 1.00606518526e-05
94 59 6.3146009317e-06
95 59 3.92167476219e-06
96 59 2.41018649563e-06
97 59 1.46598619085e-06
98 59 8.82582229207e-07
99 59 5.25982884496e-07
100 59 3.10329738625e-07
101 59 1.81281672246e-07
102 59 1.04858987486e-07
103 59 6.00648506114e-08
104 59 3.40752497424e-08
105 59 1.91470444409e-08
106 59 1.06573169848e-08
107 59 5.87646444299e-09
108 59 3.21029074165e-09
109 59 1.73768030412e-09
110 59 9.32028525138e-10
111 59 4.95402548936e-10
112 59 2.60970985471e-10
113 59 1.36259187069e-10
114 59 7.05201055786e-11
115 59 3.61798802508e-11
116 59 1.84018356441e-11
117 59 9.27955814517e-12
118 59 4.63977907254e-12
60 60 0.106521275625
61 60 0.09468866755
62 60 0.0837079958161
63 60 0.0735640053271
64 60 0.0642404688048
65 60 0.0557194506501
66 60 0.0479805937215
67 60 0.0410004690234
68 60 0.0347520347098
69 60 0.0292042533897
70 60 0.024321913856
71 60 0.0200656939397
72 60 0.0163924850289
73 60 0.0132559769623
74 60 0.0106074769587
75 60 0.0083969115215
76 60 0.00657393988332
77 60 0.00508909515283
78 60 0.00389486722917
79 60 0.0029466501982
80 60 0.0022034947205
81 60 0.00162862963468
82 60 0.00118974257049
83 60 0.00085903284229
84 60 0.000613068241596
85 60 0.000432488907677
86 60 0.000301606005964
87 60 0.000207941425662
88 60 0.000141748769328
89 60 9.55474243565e-05
90 60 6.36921972789e-05
91 60 4.19921807745e-05
92 60 2.73850548948e-05
93 60 1.76672935316e-05
94 60 1.12767966408e-05
95 60 7.12210703752e-06
96 60 4.45128519592e-06
97 60 2.75336003015e-06
98 60 1.68572598929e-06
99 60 1.0216503925e-06
100 60 6.12989609239e-07
101 60 3.64152019891e-07
102 60 2.1420699252e-07
103 60 1.24780745613e-07
104 60 7.19888827169e-08
105 60 4.11365014483e-08
106 60 2.32848111827e-08
107 60 1.30569031629e-08
108 60 7.25383499579e-09
109 60 3.99293666596e-09
110 60 2.17796544547e-09
111 60 1.17727861661e-09
112 60 6.3068497244e-10
113 60 3.34876976305e-10
114 60 1.76251040102e-10
115 60 9.19570643847e-11
116 60 4.75639988153e-11
117 60 2.43917942631e-11
118 60 1.24026072521e-11
119 60 6.25341542116e-12
120 60 3.12670771056e-12
61 61 0.105616031162
62 61 0.0939861071655
63 61 0.083184256754
64 61 0.0731962214409
65 61 0.064006783858
66 61 0.0555990675796
67 61 0.0479538568733
68 61 0.0410489738154
69 61 0.0348587563277
70 61 0.0293536833338
71 61 0.0245001908924
72 61 0.0202607147927
73 61 0.0165939804289
74 61 0.0134555407254
75 61 0.0107985396006
76 61 0.00857465513693
77 61 0.00673515696669
78 61 0.00523199980071
79 61 0.00401887184361
80 61 0.0030521236868
81 61 0.00229151890082
82 61 0.00170076915473
83 61 0.00124784058398
84 61 0.000905040601495
85 61 0.000648912433679
86 61 0.000459976613764
87 61 0.000322364058458
88 61 0.000223384892898
89 61 0.000153072305586
90 61 0.00010373312845
91 61 6.95281814205e-05
92 61 4.60970022055e-05
93 61 3.02342744039e-05
94 61 1.96195210588e-05
95 61 1.25975505746e-05
96 61 8.00459275601e-06
97 61 5.03377576973e-06
98 61 3.13325281927e-06
99 61 1.93058407196e-06
100 61 1.17765401033e-06
101 61 7.11255544866e-07
102 61 4.25358405666e-07
103 61 2.5191118164e-07
104 61 1.47755559702e-07
105 61 8.58389315247e-08
106 61 4.93978714485e-08
107 61 2.8161401958e-08
108 61 1.59059765839e-08
109 61 8.90150968978e-09
110 61 4.93629169312e-09
111 61 2.71273686301e-09
112 61 1.47747275174e-09
113 61 7.97573785157e-10
114 61 4.26771937332e-10
115 61 2.26374679705e-10
116 61 1.19041857404e-10
117 61 6.20645581265e-11
118 61 3.20842207244e-11
119 61 1.6446533312e-11
120 61 8.36032110012e-12
121 61 4.21470733143e-12
122 61 2.10735366571e-12
62 62 0.104733230298
63 62 0.0932992646949
64 62 0.0826705601951
65 62 0.0728337859895
66 62 0.0637746667146
67 62 0.0554773158969
68 62 0.047923586656
69 62 0.0410924747428
70 62 0.0349596148258
71 62 0.0294969136163
72 62 0.0246723615414
73 62 0.020450057227
74 62 0.0167904657454
75 62 0.0136509131597
76 62 0.0109862982584
77 62 0.00874998039163
78 62 0.00689478339944
79 62 0.00537404297021
80 62 0.00414262068037
81 62 0.00315781321942
82 62 0.00238009896524
83 62 0.00177368370839
84 62 0.00130682959668
85 62 0.000951972816034
86 62 0.000685653260387
87 62 0.000488291662655
88 62 0.000343855769511
89 62 0.000239457635376
90 62 0.000164920212966
91 62 0.00011234469411
92 62 7.57020500027e-05
93 62 5.04642130907e-05
94 62 3.32832268948e-05
95 62 2.17209619771e-05
96 62 1.40278165792e-05
97 62 8.96610750252e-06
98 62 5.67238449953e-06
99 62 3.55238226337e-06
100 62 2.20246917928e-06
101 62 1.35200780556e-06
102 62 8.21807555036e-07
103 62 4.94679869315e-07
104 62 2.94905160823e-07
105 62 1.74134424562e-07
106 62 1.01852192857e-07
107 62 5.90171524667e-08
108 62 3.38802151573e-08
109 62 1.92713143907e-08
110 62 1.08620133563e-08
111 62 6.06707045746e-09
112 62 3.35855684e-09
113 62 1.84274799452e-09
114 62 1.00219627587e-09
115 62 5.40314513408e-10
116 62 2.88788791493e-10
117 62 1.53033376644e-10
118 62 8.04073673772e-11
119 62 4.18929140923e-11
120 62 2.16446722801e-11
121 62 1.10906585235e-11
122 62 5.63623629874e-12
123 62 2.84102967902e-12
124 62 1.42051483951e-12
63 63 0.103871964623
64 63 0.092627558678
65 63 0.0821665893711
66 63 0.0724765901757
67 63 0.0635441651524
68 63 0.0553543538638
69 63 0.0478900111642
70 63 0.0411312347561
71 63 0.035054878975
72 63 0.0296341959506
73 63 0.0248386438153
74 63 0.0206338950092
75 63 0.0169820656481
76 63 0.0138421699899
77 63 0.01117078392
78 63 0.00892288067112
79 63 0.00705278381717
80 63 0.00551516995462
81 63 0.00426604864804
82 63 0.00326365106708
83 63 0.0024691706119
84 63 0.00184731661902
85 63 0.00136666295256
86 63 0.000999793688903
87 63 0.000723265417144
88 63 0.000517418056687
89 63 0.000366072807222
90 63 0.000256157192872
91 63 0.000177294179886
92 63 0.000121386449898
93 63 8.22195502367e-05
94 63 5.51000618776e-05
95 63 3.6538027787e-05
96 63 2.39772046555e-05
97 63 1.55724502584e-05
98 63 1.00107049892e-05
99 63 6.37038485744e-06
100 63 4.01331689381e-06
101 63 2.50334603556e-06
102 63 1.54618044545e-06
103 63 9.45720557781e-07
104 63 5.72887873018e-07
105 63 3.4373252689e-07
106 63 2.04293790099e-07
107 63 1.20285104177e-07
108 63 7.01663023297e-08
109 63 4.05548324459e-08
110 63 2.32268576407e-08
111 63 1.31828107872e-08
112 63 7.41533097003e-09
113 63 4.13421104113e-09
114 63 2.28469556591e-09
115 63 1.2516158289e-09
116 63 6.79756871743e-10
117 63 3.6602293069e-10
118 63 1.95419022246e-10
119 63 1.03457129404e-10
120 63 5.43149929315e-11
121 63 2.8279707062e-11
122 63 1.46034552857e-11
123 63 7.47981856085e-12
124 63 3.80023039782e-12
125 63 1.9153161205e-12
126 63 9.57658060246e-13
64 64 0.103031376265
65 64 0.0919704374254
66 64 0.0816720411254
67 64 0.0721245267456
68 64 0.0633153200322
69 64 0.0552303275019
70 64 0.0478533435917
71 64 0.0411655014242
72 64 0.0351448033684
73 64 0.0297657702622
74 64 0.0249992470316
75 64 0.0208123965574
76 64 0.0171689026691
77 64 0.0140293875742
78 64 0.0113520303352
79 64 0.00909335351247
80 64 0.00720912766362
81 64 0.00565533086781
82 64 0.0043890949905
83 64 0.00336957302622
84 64 0.00255867210177
85 64 0.00192161280543
86 64 0.00142729472877
87 64 0.00104846746632
88 64 0.000761723151743
89 64 0.000547339053459
90 64 0.000389005964303
91 64 0.000273480226818
92 64 0.000190195099709
93 64 0.000130862061015
94 64 8.90859154903e-05
95 64 6.00104285621e-05
96 64 4.00045516845e-05
97 64 2.63936998824e-05
98 64 1.72362470357e-05
99 64 1.11424322926e-05
100 64 7.13107720972e-06
101 64 4.51867016733e-06
102 64 2.83523121509e-06
103 64 1.76169207088e-06
104 64 1.08411628759e-06
105 64 6.60793973199e-07
106 64 3.98969682445e-07
107 64 2.38635976535e-07
108 64 1.41413878274e-07
109 64 8.30319901805e-08
110 64 4.83095175483e-08
111 64 2.78541348985e-08
112 64 1.59166480701e-08
113 64 9.01473858646e-09
114 64 5.06090582748e-09
115 64 2.81650409843e-09
116 64 1.55393329131e-09
117 64 8.50014790506e-10
118 64 4.6102497073e-10
119 64 2.47946202631e-10
120 64 1.32237974704e-10
121 64 6.99440527267e-11
122 64 3.66919620836e-11
123 64 1.90917526281e-11
124 64 9.85380780789e-12
125 64 5.04514959759e-12
126 64 2.5626156686e-12
127 64 1.29139687236e-12
128 64 6.45698436181e-13
65 65 0.102210654332
66 65 0.091327377084
67 65 0.0811866251903
68 65 0.0717774901263
69 65 0.0630881659942
70 65 0.055105371593
71 65 0.0478137833297
72 65 0.0411955079693
73 65 0.0352296292798
74 65 0.0298918653045
75 65 0.0251543721595
76 65 0.0209857250305
77 65 0.0173510970761
78 65 0.0142126426216
79 65 0.0115300736447
80 65 0.00926140020985
81 65 0.00736378882733
82 65 0.00579448035054
83 65 0.00451170308279
84 65 0.0034755183074
85 65 0.00264854422993
86 65 0.00199651881702
87 65 0.00148867981247
88 65 0.0010979585346
89 65 0.000801000363453
90 65 0.000578037254443
91 65 0.000412645228859
92 65 0.000291422570604
93 65 0.000203623101452
94 65 0.000140774543502
95 65 9.63058670868e-05
96 65 6.52008182853e-05
97 65 4.36884214642e-05
98 65 2.89757483317e-05
99 65 1.90239299953e-05
100 65 1.236531926e-05
101 65 7.95778033117e-06
102 65 5.07109417011e-06
103 65 3.20018883035e-06
104 65 2.00011161823e-06
105 65 1.23816185864e-06
106 65 7.5924925626e-07
107 65 4.61225833524e-07
108 65 2.77589493997e-07
109 65 1.65534973405e-07
110 65 9.78161044565e-08
111 65 5.7279695205e-08
112 65 3.32426783488e-08
113 65 1.91218939897e-08
114 65 1.09028340839e-08
115 65 6.16247137154e-09
116 65 3.45310893691e-09
117 65 1.91839384722e-09
118 65 1.05674237144e-09
119 65 5.77212219084e-10
120 65 3.1265661849e-10
121 65 1.67956034673e-10
122 65 8.94847725569e-11
123 65 4.72887009405e-11
124 65 2.47884319434e-11
125 65 1.28899846103e-11
126 65 6.64959523537e-12
127 65 3.40333614406e-12
128 65 1.72825663565e-12
129 65 8.70826986954e-13
130 65 4.35413493477e-13
66 66 0.10140903166
67 66 0.0906978798538
68 66 0.080710063509
69 66 0.071435376536
70 66 0.0628627320832
71 66 0.0549796105891
72 66 0.0477715169729
73 66 0.0412214742228
74 66 0.0353095854641
75 66 0.0300126992396
76 66 0.025304212157
77 66 0.0211540384296
78 66 0.017528766773
79 66 0.014392011944
80 66 0.0117049520442
81 66 0.00942702545145
82 66 0.0075167453019
83 66 0.00593257729048
84 66 0.00463382023156
85 66 0.00358142942087
86 66 0.00273873028864
87 66 0.00207198285814
88 66 0.00155077396653
89 66 0.00114823150742
90 66 0.000841070694906
91 66 0.000609494689063
92 66 0.00043697985308
93 66 0.000309979279744
94 66 0.000217577581661
95 66 0.000151126280306
96 66 0.000103883618165
97 66 7.06763568422e-05
98 66 4.75949989301e-05
99 66 3.17284891693e-05
100 66 2.09401384528e-05
101 66 1.36833682989e-05
102 66 8.8538230433e-06
103 66 5.67327327331e-06
104 66 3.60032607474e-06
105 66 2.26305395639e-06
106 66 1.40906814254e-06
107 66 8.69143610903e-07
108 66 5.31142856134e-07
109 66 3.21609265004e-07
110 66 1.92965496943e-07
111 66 1.14736219285e-07
112 66 6.76124071784e-08
113 66 3.94904298413e-08
114 66 2.28628795315e-08
115 66 1.31213044746e-08
116 66 7.46556968934e-09
117 66 4.2113469728e-09
118 66 2.35549914436e-09
119 66 1.30641128707e-09
120 66 7.1852620695e-10
121 66 3.91923385328e-10
122 66 2.12024126406e-10
123 66 1.13769043413e-10
124 66 6.0554490842e-11
125 66 3.19727711626e-11
126 66 1.6747642037e-11
127 66 8.70349901123e-12
128 66 4.48774167763e-12
129 66 2.29605388157e-12
130 66 1.16568889372e-12
131 66 5.87293641108e-13
132 66 2.93646820554e-13
67 67 0.100625781835
68 67 0.0900814723427
69 67 0.0802420895985
70 67 0.0710980840692
71 67 0.06263904231
72 67 0.0548531594412
73 67 0.0477267192428
74 67 0.0412436075085
75 67 0.0353848889046
76 67 0.0301284801889
77 67 0.0254489522988
78 67 0.0213174897087
79 67 0.017702027223
80 67 0.0145675722389
81 67 0.0118767054819
82 67 0.00959023698578
83 67 0.00766797886843
84 67 0.00606958455608
85 67 0.00475539748063
86 67 0.00368725206017
87 67 0.00282917602329
88 67 0.00214795480278
89 67 0.00161353388513
90 67 0.00119925130409
91 67 0.00088190761701
92 67 0.000641692894189
93 67 0.000461998419657
94 67 0.000329144681603
95 67 0.000232057237146
96 67 0.00016191903894
97 67 0.000111822879406
98 67 7.64417879799e-05
99 67 5.1729376973e-05
100 67 3.46568897926e-05
101 67 2.29894172791e-05
102 67 1.51005445895e-05
103 67 9.82253601896e-06
104 67 6.32791777909e-06
105 67 4.0377886511e-06
106 67 2.55217686111e-06
107 67 1.59808797462e-06
108 67 9.91404844345e-07
109 67 6.0939503411e-07
110 67 3.71176749128e-07
111 67 2.24043540188e-07
112 67 1.34026016335e-07
113 67 7.94667423974e-08
114 67 4.67041343642e-08
115 67 2.72102335327e-08
116 67 1.57162551473e-08
117 67 8.99990665229e-09
118 67 5.11011644302e-09
119 67 2.87712436918e-09
120 67 1.60639443484e-09
121 67 8.89491131912e-10
122 67 4.88491031025e-10
123 67 2.66088610266e-10
124 67 1.43773684541e-10
125 67 7.70626949029e-11
126 67 4.09777822071e-11
127 67 2.16182000611e-11
128 67 1.13157765942e-11
129 67 5.87718629307e-12
130 67 3.02901139718e-12
131 67 1.54918903519e-12
132 67 7.86330798166e-13
133 67 3.96121529903e-13
134 67 1.98060764951e-13
68 68 0.0998602164546
69 68 0.0894777040468
70 68 0.079782447951
71 68 0.0707655127622
72 68 0.0624171161566
73 68 0.0547261243538
74 68 0.0476795538355
75 68 0.0412621034608
76 68 0.0354557455097
77 68 0.0302394067529
78 68 0.025588770494
79 68 0.021476226893
80 68 0.0178709913931
81 68 0.0147393999005
82 68 0.0120453753859
83 68 0.00975104531495
84 68 0.00781747479918
85 68 0.00620546874382
86 68 0.00487638942228
87 68 0.00379293498477
88 68 0.00291982958264
89 68 0.0022243862008
90 68 0.00167691724015
91 68 0.00125098321929
92 68 0.000923484507157
93 68 0.000674612989084
94 68 0.000487688905726
95 68 0.000348912424433
96 68 0.000247060098302
97 68 0.000173153990502
98 68 0.000120126866433
99 68 8.25014723609e-05
100 68 5.6096373172e-05
101 68 3.77657366841e-05
102 68 2.51762069914e-05
103 68 1.66207667503e-05
104 68 1.08672437917e-05
105 68 7.03775759363e-06
106 68 4.51475611649e-06
107 68 2.86917784937e-06
108 68 1.80651420343e-06
109 68 1.1269976506e-06
110 68 6.96688671571e-07
111 68 4.26799969922e-07
112 68 2.59128442571e-07
113 68 1.55935659547e-07
114 68 9.30142385588e-08
115 68 5.49997185538e-08
116 68 3.22412125514e-08
117 68 1.87384819043e-08
118 68 1.07984469968e-08
119 68 6.17054107437e-09
120 68 3.49663992057e-09
121 68 1.96505383279e-09
122 68 1.09527590465e-09
123 68 6.05518385646e-10
124 68 3.32058469347e-10
125 68 1.80639807265e-10
126 68 9.74881499347e-11
127 68 5.21983794875e-11
128 68 2.77303891013e-11
129 68 1.46175694483e-11
130 68 7.64611324979e-12
131 68 3.96897481665e-12
132 68 2.04462339039e-12
133 68 1.04537135749e-12
134 68 5.30486957532e-13
135 68 2.67208245275e-13
136 68 1.33604122638e-13
69 69 0.0991116826094
70 69 0.0888861459441
71 69 0.0793308934721
72 69 0.0704375646405
73 69 0.0621969690309
74 69 0.054598603474
75 69 0.0476301742014
76 69 0.0412771467807
77 69 0.0355223507637
78 69 0.0303456685026
79 69 0.0257238375933
80 69 0.0216303932024
81 69 0.0180357697151
82 69 0.0149075708551
83 69 0.0122110044178
84 69 0.00990946341307
85 69 0.00796522158112
86 69 0.00634019993864
87 69 0.0049967540146
88 69 0.00389842990254
89 69 0.00301064146434
90 69 0.0023012302767
91 69 0.00174088271911
92 69 0.00130339298501
93 69 0.000965774721007
94 69 0.000708235745836
95 69 0.000514038744257
96 69 0.000369275525507
97 69 0.000262583562771
98 69 0.000184831729809
99 69 0.000128798308701
100 69 8.8859388065e-05
101 69 6.07005247676e-05
102 69 4.10596273548e-05
103 69 2.75048346179e-05
104 69 1.82478979853e-05
105 69 1.19912570037e-05
106 69 7.8055359608e-06
107 69 5.03343717203e-06
108 69 3.21579089565e-06
109 69 2.03567759864e-06
110 69 1.27692243974e-06
111 69 7.93761584106e-07
112 69 4.89013444905e-07
113 69 2.98600984055e-07
114 69 1.80732120593e-07
115 69 1.08439252757e-07
116 69 6.45026519731e-08
117 69 3.80400230689e-08
118 69 2.22437414568e-08
119 69 1.28976313141e-08
120 69 7.41613790998e-09
121 69 4.2290372892e-09
122 69 2.39183255509e-09
123 69 1.34175972282e-09
124 69 7.46624360888e-10
125 69 4.12136646903e-10
126 69 2.25693877973e-10
127 69 1.2262108328e-10
128 69 6.61004276977e-11
129 69 3.53560427197e-11
130 69 1.87658995967e-11
131 69 9.88432879503e-12
132 69 5.16680823371e-12
133 69 2.68052457236e-12
134 69 1.38027011562e-12
135 69 7.05471392425e-13
136 69 3.57922985862e-13
137 69 1.80267781201e-13
138 69 9.01338906004e-14
70 70 0.0983795605719
71 70 0.0883063891936
72 70 0.0788871909517
73 70 0.070114143751
74 70 0.0619786126761
75 70 0.0544706875203
76 70 0.0475787242626
77 70 0.0412889119371
78 70 0.0355848903351
79 70 0.0304474464441
80 70 0.0258543176855
81 70 0.0217801271787
82 70 0.0181964700618
83 70 0.0150721604183
84 70 0.0123736362513
85 70 0.0100655064677
86 70 0.00811121065831
87 70 0.00647375148715
88 70 0.00511645240523
89 70 0.00400369135281
90 70 0.0031015644565
91 70 0.00237844192177
92 70 0.00180539005552
93 70 0.0013564468251
94 70 0.00100875165816
95 70 0.000742541655357
96 70 0.00054103488276
97 70 0.000390226418156
98 70 0.000278624429212
99 70 0.000196952296449
100 70 0.000137839459716
101 70 9.55191325077e-05
102 70 6.55460849334e-05
103 70 4.45429633476e-05
104 70 2.99795053387e-05
105 70 1.998573773e-05
106 70 1.31978649205e-05
107 70 8.63400328732e-06
108 70 5.59606492534e-06
109 70 3.59378305202e-06
110 70 2.2869446325e-06
111 70 1.44221403755e-06
112 70 9.01382473481e-07
113 70 5.58378020083e-07
114 70 3.42863505095e-07
115 70 2.08699453285e-07
116 70 1.25939298975e-07
117 70 7.53482890425e-08
118 70 4.46981341997e-08
119 70 2.62930189422e-08
120 70 1.53375939797e-08
121 70 8.87298811662e-09
122 70 5.09105871026e-09
123 70 2.89735047077e-09
124 70 1.63560106747e-09
125 70 9.15936596284e-10
126 70 5.08853664136e-10
127 70 2.80470523397e-10
128 70 1.5338231744e-10
129 70 8.3230714877e-11
130 70 4.48165387762e-11
131 70 2.39477688106e-11
132 70 1.2699574369e-11
133 70 6.6839865099e-12
134 70 3.49163474395e-12
135 70 1.81047727464e-12
136 70 9.3186330312e-13
137 70 4.7613453444e-13
138 70 2.4151751747e-13
139 70 1.21627526783e-13
140 70 6.08137633916e-14
71 71 0.0976632616598
72 71 0.0877380439284
73 71 0.0784511145669
74 71 0.0697951561824
75 71 0.0617620555401
76 71 0.0543424603577
77 71 0.0475253390727
78 71 0.0412975638172
79 71 0.0356435406439
80 71 0.0305449134571
81 71 0.0259803683833
82 71 0.0219255628158
83 71 0.0183531977369
84 71 0.0152332431726
85 71 0.0125333153739
86 71 0.010219191643
87 71 0.00825543619193
88 71 0.00660609978325
89 71 0.00523544876162
90 71 0.00410867659062
91 71 0.00319255357638
92 71 0.00245597768058
93 71 0.00187040005235
94 71 0.00141011150308
95 71 0.00105238882198
96 71 0.000777510989049
97 71 0.000568663839291
98 71 0.000411756997559
99 71 0.000295178931007
100 71 0.000209515196543
101 71 0.000147252108392
102 71 0.000102483925651
103 71 7.06370202705e-05
104 71 4.82199442638e-05
105 71 3.26042948963e-05
106 71 2.18380138137e-05
107 71 1.44903282402e-05
108 71 9.52591108726e-06
109 71 6.20489215142e-06
110 71 4.0049509929e-06
111 71 2.56171515033e-06
112 71 1.62394026558e-06
113 71 1.0203501913e-06
114 71 6.35480611081e-07
115 71 3.92339954039e-07
116 71 2.40139015583e-07
117 71 1.45725350531e-07
118 71 8.76821896604e-08
119 71 5.23145791599e-08
120 71 3.09527910503e-08
121 71 1.81623809632e-08
122 71 1.05699100407e-08
123 71 6.10133012161e-09
124 71 3.49350351606e-09
125 71 1.98430999019e-09
126 71 1.11814292876e-09
127 71 6.25103526404e-10
128 71 3.46737112085e-10
129 71 1.9083980581e-10
130 71 1.04227893923e-10
131 71 5.64899272346e-11
132 71 3.03847335866e-11
133 71 1.62204216886e-11
134 71 8.59440253636e-12
135 71 4.52001911168e-12
136 71 2.35971585976e-12
137 71 1.22291843827e-12
138 71 6.2918267476e-13
139 71 3.21381078474e-13
140 71 1.62986118369e-13
141 71 8.20710241433e-14
142 71 4.10355120716e-14
72 72 0.0969622262689
73 72 0.0871807381365
74 72 0.0780224474139
75 72 0.0694805100738
76 72 0.0615473031089
77 72 0.0542139995235
78 72 0.0474701454263
79 72 0.0413032583293
80 72 0.0356984693931
81 72 0.0306382347098
82 72 0.0261021410979
83 72 0.0220668296912
84 72 0.0185060554751
85 72 0.0153908928618
86 72 0.012690086907
87 72 0.0103705378618
88 72 0.00839789483695
89 72 0.00673722406553
90 72 0.00535371010785
91 72 0.00421334547267
92 72 0.00328356600673
93 72 0.00253379573258
94 72 0.00193587459926
95 72 0.00146435436355
96 72 0.00109665987399
97 72 0.000813123856264
98 72 0.000596911755699
99 72 0.000433858665171
100 72 0.000312242769692
101 72 0.000222519425045
102 72 0.000157037591411
103 72 0.000109756614393
104 72 7.59770094464e-05
105 72 5.20945627741e-05
106 72 3.53831427659e-05
107 72 2.3808375147e-05
108 72 1.58718722145e-05
109 72 1.04840060712e-05
110 72 6.86218657609e-06
111 72 4.45111750496e-06
112 72 2.86141994524e-06
113 72 1.82320041189e-06
114 72 1.15149289758e-06
115 72 7.20933853551e-07
116 72 4.47475862362e-07
117 72 2.75369638232e-07
118 72 1.68022105874e-07
119 72 1.01660416725e-07
120 72 6.09962438339e-08
121 72 3.62952833732e-08
122 72 2.14201664592e-08
123 72 1.25386337563e-08
124 72 7.28049692851e-09
125 72 4.19356620029e-09
126 72 2.39632353298e-09
127 72 1.35854562174e-09
128 72 7.6418191119e-10
129 72 4.26520136152e-10
130 72 2.36226536845e-10
131 72 1.29834432434e-10
132 72 7.08187813183e-11
133 72 3.83379868764e-11
134 72 2.05995153358e-11
135 72 1.09864081788e-11
136 72 5.81633374168e-12
137 72 3.05675933867e-12
138 72 1.5948309593e-12
139 72 8.2609948971e-13
140 72 4.24851166136e-13
141 72 2.16945276325e-13
142 72 1.10000421798e-13
143 72 5.53848277587e-14
144 72 2.76924138793e-14
73 73 0.0962759220543
74 73 0.0866341166215
75 73 0.0776009810678
76 73 0.0691701156145
77 73 0.061334358207
78 73 0.0540853767095
79 73 0.0474132624206
80 73 0.0413061429629
81 73 0.0357498360654
82 73 0.03072756805
83 73 0.0262197813032
84 73 0.0222040530972
85 73 0.0186551434525
86 73 0.0155451823015
87 73 0.0128439964465
88 73 0.0105195656071
89 73 0.00853858553444
90 73 0.00686710622627
91 73 0.00547120616823
92 73 0.00431766034531
93 73 0.00337456103045
94 73 0.00261185586938
95 73 0.00200177668429
96 73 0.0015191433679
97 73 0.00114153868297
98 73 0.000849360257681
99 73 0.00062576444813
100 73 0.000456522371665
101 73 0.000329811148006
102 73 0.000235963488419
103 73 0.000167196806441
104 73 0.000117339678009
105 73 8.15694429029e-05
106 73 5.61706005719e-05
107 73 3.83198460723e-05
108 73 2.5900384939e-05
109 73 1.7345680103e-05
110 73 1.15110244018e-05
111 73 7.57022620428e-06
112 73 4.93412794139e-06
113 73 3.18751825222e-06
114 73 2.04112360276e-06
115 73 1.29566712061e-06
116 73 8.15375665998e-07
117 73 5.08738248588e-07
118 73 3.14727739436e-07
119 73 1.93068216369e-07
120 73 1.17449808949e-07
121 73 7.08581408782e-08
122 73 4.23987206359e-08
123 73 2.5163467278e-08
124 73 1.48139763312e-08
125 73 8.65136204927e-09
126 73 5.01229701693e-09
127 73 2.88108409765e-09
128 73 1.64311826971e-09
129 73 9.29826616214e-10
130 73 5.22133407081e-10
131 73 2.90959837382e-10
132 73 1.6090960699e-10
133 73 8.83188068299e-11
134 73 4.81139768509e-11
135 73 2.60171874811e-11
136 73 1.39651079858e-11
137 73 7.44126191933e-12
138 73 3.93631971092e-12
139 73 2.0672758194e-12
140 73 1.07793667726e-12
141 73 5.5808069106e-13
142 73 2.86900636953e-13
143 73 1.46459765717e-13
144 73 7.42469645651e-14
145 73 3.73795062983e-14
146 73 1.86897531491e-14
74 74 0.0956038422491
75 74 0.0860978400357
76 74 0.0771865151674
77 74 0.0688638850359
78 74 0.0611232212694
79 74 0.053956658203
80 74 0.0473548019734
81 74 0.0413063573088
82 74 0.0357977923876
83 74 0.0308130643751
84 74 0.0263334287892
85 74 0.0223373541734
86 74 0.0188005593043
87 74 0.0156961833028
88 74 0.0129950899185
89 74 0.0106662967391
90 74 0.00867750931838
91 74 0.00699573063127
92 74 0.00558790921748
93 74 0.00442158593504
94 74 0.00346549996424
95 74 0.00269011946848
96 74 0.00206807040051
97 74 0.00157444712465
98 74 0.00118699936923
99 74 0.00088620013477
100 74 0.000655207454795
101 74 0.000479738658336
102 74 0.000347878802393
103 74 0.000249845427539
104 74 0.000177730226049
105 74 0.000125235234557
106 74 8.74174235533e-05
107 74 6.04516252218e-05
108 74 4.14180542336e-05
109 74 2.81175144483e-05
110 74 1.8914886971e-05
111 74 1.26096861366e-05
112 74 8.3312947138e-06
113 74 5.45584665919e-06
114 74 3.54149517622e-06
115 74 2.27886708627e-06
116 74 1.45375672488e-06
117 74 9.19468728623e-07
118 74 5.76615452177e-07
119 74 3.58567385355e-07
120 74 2.21116475017e-07
121 74 1.35228227547e-07
122 74 8.20236679121e-08
123 74 4.93475685173e-08
124 74 2.94493539522e-08
125 74 1.74340170263e-08
126 74 1.02390256941e-08
127 74 5.96604640633e-09
128 74 3.44912055808e-09
129 74 1.97856527456e-09
130 74 1.12626023098e-09
131 74 6.36208068693e-10
132 74 3.56662098889e-10
133 74 1.98443573747e-10
134 74 1.09588242197e-10
135 74 6.00705920124e-11
136 74 3.26854691812e-11
137 74 1.76549249586e-11
138 74 9.4671336733e-12
139 74 5.04005677567e-12
140 74 2.66403000998e-12
141 74 1.39814340949e-12
142 74 7.2860994579e-13
143 74 3.7704290901e-13
144 74 1.93758161574e-13
145 74 9.88834755621e-14
146 74 5.01190218602e-14
147 74 2.52299837936e-14
148 74 1.26149918968e-14
75 75 0.094945504108
76 75 0.0855715839808
77 75 0.0767788570241
78 75 0.0685617325972
79 75 0.0609138905878
80 75 0.0538279052925
81 75 0.0472948693029
82 75 0.0413040335431
83 75 0.0358424827659
84 75 0.0308948679821
85 75 0.026443217905
86 75 0.0224668500363
87 75 0.0189423981506
88 75 0.0158439666091
89 75 0.013143413451
90 75 0.0108107543287
91 75 0.00881466913626
92 75 0.00712308395023
93 75 0.00570379393745
94 75 0.0045250892416
95 75 0.00355634609151
96 75 0.00276854946393
97 75 0.00213472094827
98 75 0.00163023491481
99 75 0.00123301634432
100 75 0.000923623415471
101 75 0.000685226081031
102 75 0.000503497696887
103 75 0.000366440034855
104 75 0.00026416284068
105 75 0.000188637912216
106 75 0.000133445048112
107 75 9.35237683929e-05
108 75 6.49409878581e-05
109 75 4.4681264312e-05
110 75 3.0463137263e-05
111 75 2.05825738436e-05
112 75 1.37826898728e-05
113 75 9.1476769333e-06
114 75 6.01815345663e-06
115 75 3.9248590687e-06
116 75 2.53761443809e-06
117 75 1.62667179399e-06
118 75 1.03389988216e-06
119 75 6.51616899082e-07
120 75 4.07260296549e-07
121 75 2.52433965302e-07
122 75 1.55184775561e-07
123 75 9.46248484627e-08
124 75 5.7232765832e-08
125 75 3.43396575338e-08
126 75 2.04402716396e-08
127 75 1.20710263121e-08
128 75 7.07286689438e-09
129 75 4.11213188625e-09
130 75 2.37238377077e-09
131 75 1.35823498004e-09
132 75 7.71724419432e-10
133 75 4.35182942953e-10
134 75 2.43572542591e-10
135 75 1.35318079185e-10
136 75 7.46239407167e-11
137 75 4.08525222871e-11
138 75 2.22024577638e-11
139 75 1.19797433975e-11
140 75 6.41771967714e-12
141 75 3.41368067931e-12
142 75 1.80300035878e-12
143 75 9.45629558801e-13
144 75 4.92515395209e-13
145 75 2.54749342349e-13
146 75 1.30864388193e-13
147 75 6.67675449964e-14
148 75 3.3834904559e-14
149 75 1.70309922277e-14
150 75 8.51549611384e-15
76 76 0.0943004474652
77 76 0.0850550381706
78 76 0.0763778212539
79 76 0.0682635745656
80 76 0.060706362532
81 76 0.0536991746396
82 76 0.0472335633708
83 76 0.0412992968773
84 76 0.0358840446931
85 76 0.0309731168969
86 76 0.0265492777918
87 76 0.022592653909
88 76 0.0190807526265
89 76 0.0159886018435
90 76 0.0132890132593
91 76 0.0109529625043
92 76 0.0089500696824
93 76 0.00724915499702
94 76 0.00581883728041
95 76 0.00462813943405
96 76 0.00364706459515
97 76 0.00284711031438
98 76 0.00220169463345
99 76 0.00168647671289
100 76 0.00127956434632
101 76 0.000961610056279
102 76 0.000715805441713
103 76 0.000527789327568
104 76 0.00038548874407
105 76 0.000278912906493
106 76 0.00019991953131
107 76 0.000141970536752
108 76 9.98910109489e-05
109 76 6.96418216843e-05
110 76 4.81128170449e-05
111 76 3.29405241063e-05
112 76 2.23517622219e-05
113 76 1.50327076108e-05
114 76 1.00216544213e-05
115 76 6.62294002732e-06
116 76 4.33913886625e-06
117 76 2.81857370003e-06
118 76 1.81534743587e-06
119 76 1.15937945101e-06
120 76 7.34272801003e-07
121 76 4.6119580083e-07
122 76 2.87302169654e-07
123 76 1.77519988784e-07
124 76 1.08802554456e-07
125 76 6.61519459119e-08
126 76 3.99011710851e-08
127 76 2.38778652084e-08
128 76 1.4177482129e-08
129 76 8.35262501182e-09
130 76 4.88307304305e-09
131 76 2.83292785847e-09
132 76 1.63107967147e-09
133 76 9.32045525033e-10
134 76 5.286228346e-10
135 76 2.97595077099e-10
136 76 1.66303131271e-10
137 76 9.22557516385e-11
138 76 5.08075153904e-11
139 76 2.77796487013e-11
140 76 1.50803807231e-11
141 76 8.12843216269e-12
142 76 4.35042848141e-12
143 76 2.31211583626e-12
144 76 1.22028335802e-12
145 76 6.3959679455e-13
146 76 3.32940797163e-13
147 76 1.72132657036e-13
148 76 8.83924455052e-14
149 76 4.50860795865e-14
150 76 2.28436136572e-14
151 76 1.14974479334e-14
152 76 5.74872396671e-15
77 77 0.0936682333961
78 77 0.0845479056494
79 77 0.0759832294292
80 77 0.0679693291915
81 77 0.0605006317521
82 77 0.0535705186205
83 77 0.047170977292
84 77 0.041292265977
85 77 0.0359226091307
86 77 0.0310479431873
87 77 0.0266517326055
88 77 0.0227148752485
89 77 0.019215712918
90 77 0.0161301574658
91 77 0.0134319355433
92 77 0.0110929463127
93 77 0.00908371724326
94 77 0.00737393457959
95 77 0.00593301833858
96 77 0.0047307077499
97 77 0.00373762249045
98 77 0.00292576796919
99 77 0.00226895886221
100 77 0.00174314320368
101 77 0.00132661847129
102 77 0.00100014008088
103 77 0.000746930501062
104 77 0.000552603095641
105 77 0.000405018455684
106 77 0.000294092406843
107 77 0.000211574369425
108 77 0.000150812781193
109 77 0.000106521404494
110 77 7.45570412249e-05
111 77 5.17158935342e-05
112 77 3.55528381579e-05
113 77 2.42254089672e-05
114 77 1.63623798469e-05
115 77 1.09555011611e-05
116 77 7.27210644601e-06
117 77 4.78588140462e-06
118 77 3.12297546191e-06
119 77 2.02074251756e-06
120 77 1.29664049526e-06
121 77 8.25133790719e-07
122 77 5.20780733281e-07
123 77 3.2601703723e-07
124 77 2.0244599744e-07
125 77 1.24706709177e-07
126 77 7.62096461042e-08
127 77 4.6205844904e-08
128 77 2.77957022908e-08
129 77 1.65912326891e-08
130 77 9.8271145836e-09
131 77 5.77624286642e-09
132 77 3.36947498595e-09
133 77 1.9507486695e-09
134 77 1.12095259148e-09
135 77 6.39358144055e-10
136 77 3.61989537211e-10
137 77 2.03453973396e-10
138 77 1.13521419915e-10
139 77 6.28859664206e-11
140 77 3.45872815292e-11
141 77 1.88880899124e-11
142 77 1.02421332622e-11
143 77 5.51499483343e-12
144 77 2.94899029286e-12
145 77 1.56601553482e-12
146 77 8.25912302611e-13
147 77 4.32620729939e-13
148 77 2.2507970409e-13
149 77 1.16316357147e-13
150 77 5.97090633354e-14
151 77 3.04476680585e-14
152 77 1.54241476349e-14
153 77 7.76247952866e-15
154 77 3.88123976433e-15
78 78 0.0930484429749
79 78 0.0840499020636
80 78 0.075594909751
81 78 0.0676789166802
82 78 0.0602966913598
83 78 0.0534419856412
84 78 0.0471071987152
85 78 0.0412830533525
86 78 0.0359583008666
87 78 0.0311194732568
88 78 0.0267507017306
89 78 0.02283361987
90 78 0.0193473668016
91 78 0.016268700738
92 78 0.0135722263969
93 78 0.0112307315915
94 78 0.0092156195539
95 78 0.00749741535877
96 78 0.00604631821992
97 78 0.00483276739738
98 78 0.00382798855838
99 78 0.00300448983269
100 78 0.00233648213269
101 78 0.00180020579538
102 78 0.00137415420082
103 78 0.00103919361553
104 78 0.000778586109933
105 78 0.000577928286157
106 78 0.000425022351714
107 78 0.000309697749419
108 78 0.000223601347969
109 78 0.000159972533977
110 78 0.000113416925954
111 78 7.96893422799e-05
112 78 5.54935125606e-05
113 78 3.83031308825e-05
114 78 2.62064015534e-05
115 78 1.77743109051e-05
116 78 1.19514793862e-05
117 78 7.9675577e-06
118 78 5.26664872073e-06
119 78 3.45207089661e-06
120 78 2.2438383369e-06
121 78 1.4464379964e-06
122 78 9.2477049614e-07
123 78 5.86439284499e-07
124 78 3.68889011015e-07
125 78 2.3018665796e-07
126 78 1.42496469746e-07
127 78 8.75175043808e-08
128 78 5.33309745647e-08
129 78 3.22466340636e-08
130 78 1.93479798142e-08
131 78 1.15201709642e-08
132 78 6.80737367315e-09
133 78 3.99229430745e-09
134 78 2.32387279655e-09
135 78 1.34268205711e-09
136 78 7.70067649368e-10
137 78 4.38432675945e-10
138 78 2.47809773251e-10
139 78 1.39058721646e-10
140 78 7.74755734778e-11
141 78 4.2858827878e-11
142 78 2.35421730588e-11
143 78 1.28411853045e-11
144 78 6.95564203983e-12
145 78 3.74165571795e-12
146 78 1.99896675342e-12
147 78 1.06067623651e-12
148 78 5.59005043564e-13
149 78 2.92633512738e-13
150 78 1.52169426624e-13
151 78 7.86040746797e-14
152 78 4.03363014804e-14
153 78 2.05636046763e-14
154 78 1.04153322386e-14
155 78 5.24126396525e-15
156 78 2.62063198262e-15
79 79 0.09244067612
80 79 0.083560754981
81 79 0.0752126967393
82 79 0.0673922591613
83 79 0.0600945330943
84 79 0.0533136204259
85 79 0.0470423101743
86 79 0.041271765723
87 79 0.035991238851
88 79 0.0311878281245
89 79 0.0268462999837
90 79 0.0229489900696
91 79 0.0194757996872
92 79 0.016404297698
93 79 0.013709931727
94 79 0.0113663448522
95 79 0.00934578566487
96 79 0.00761959171569
97 79 0.00615871992988
98 79 0.00493429346097
99 79 0.00391813327974
100 79 0.00308324472722
101 79 0.00240423402397
102 79 0.0018576366293
103 79 0.00142214742621
104 79 0.0010787509213
105 79 0.000810757040641
106 79 0.000603753957046
107 79 0.00044549329901
108 79 0.000325724990049
109 79 0.000235999039434
110 79 0.000169450229139
111 79 0.000120579280444
112 79 8.50412025345e-05
113 79 5.94485284984e-05
114 79 4.119433835e-05
115 79 2.82975536892e-05
116 79 1.92710645161e-05
117 79 1.30118355453e-05
118 79 8.71120027907e-06
119 79 5.78301535448e-06
120 79 3.80712975834e-06
121 79 2.48563723858e-06
122 79 1.60954798161e-06
123 79 1.03377305599e-06
124 79 6.58612798362e-07
125 79 4.16243014422e-07
126 79 2.6097765438e-07
127 79 1.6234038831e-07
128 79 1.00194442145e-07
129 79 6.1359380902e-08
130 79 3.72876214909e-08
131 79 2.24864273889e-08
132 79 1.34577857862e-08
133 79 7.9937222767e-09
134 79 4.71271682695e-09
135 79 2.75781205611e-09
136 79 1.6019643517e-09
137 79 9.23760464101e-10
138 79 5.28819395627e-10
139 79 3.00552030449e-10
140 79 1.69597217131e-10
141 79 9.5022554263e-11
142 79 5.28646604653e-11
143 79 2.92049522835e-11
144 79 1.60221613217e-11
145 79 8.72931547858e-12
146 79 4.72339673152e-12
147 79 2.5384240938e-12
148 79 1.35496961763e-12
149 79 7.18406710019e-13
150 79 3.78360867276e-13
151 79 1.97950387515e-13
152 79 1.02882109301e-13
153 79 5.31221348677e-14
154 79 2.72509652893e-14
155 79 1.38892016636e-14
156 79 7.03363417578e-15
157 79 3.53921719673e-15
158 79 1.76960859836e-15
80 80 0.0918445505193
81 80 0.0830802032546
82 80 0.0748364309403
83 80 0.0671092806544
84 80 0.059894147471
85 80 0.0531854642845
86 80 0.0469763894157
87 80 0.0412585043552
88 80 0.036021536511
89 80 0.0312531236874
90 80 0.0269386378094
91 80 0.0230610847439
92 80 0.0196010946635
93 80 0.0165370131398
94 80 0.0138450971819
95 80 0.0114998131749
96 80 0.00947422581883
97 80 0.00774045962731
98 80 0.00627020825902
99 80 0.00503526281032
100 80 0.00400802877005
101 80 0.00316200285509
102 80 0.00247218518268
103 80 0.00191540858648
104 80 0.00147057446941
105 80 0.0011187924234
106 80 0.000843428019425
107 80 0.000630068970531
108 80 0.000466423876737
109 80 0.000342169854626
110 80 0.000248765683247
111 80 0.000179245992269
112 80 0.000128009906358
113 80 9.06148827745e-05
114 80 6.35836297975e-05
115 80 4.42292780359e-05
116 80 3.05016013058e-05
117 80 2.08551596489e-05
118 80 1.41387964205e-05
119 80 9.50493883548e-06
120 80 6.33656566165e-06
121 80 4.18943835361e-06
122 80 2.74716118183e-06
123 80 1.78676659184e-06
124 80 1.1527505802e-06
125 80 7.37759520876e-07
126 80 4.68418397833e-07
127 80 2.95066569082e-07
128 80 1.84416551261e-07
129 80 1.14366832404e-07
130 80 7.03795811227e-08
131 80 4.29798938439e-08
132 80 2.60484193919e-08
133 80 1.56682217825e-08
134 80 9.35416211164e-09
135 80 5.54320712541e-09
136 80 3.2607100557e-09
137 80 1.90406425989e-09
138 80 1.10380536595e-09
139 80 6.35283663156e-10
140 80 3.63019235859e-10
141 80 2.05968360696e-10
142 80 1.16038513044e-10
143 80 6.49166506466e-11
144 80 3.60648059124e-11
145 80 1.9897823951e-11
146 80 1.09029172332e-11
147 80 5.93356039895e-12
148 80 3.20732994536e-12
149 80 1.7220563465e-12
150 80 9.18430051463e-13
151 80 4.86585457729e-13
152 80 2.56097609331e-13
153 80 1.33907246709e-13
154 80 6.95622060825e-14
155 80 3.59030741071e-14
156 80 1.84118328754e-14
157 80 9.38182566901e-15
158 80 4.75029147798e-15
159 80 2.39008376251e-15
160 80 1.19504188125e-15
